1,0.147249564528465,45.310001373291,0.259739071130753,-0.0977384373545647,0.46386536451249
2,0.146288245916367,45.2400016784668,0.252780944108963,-0.0942477807402611,0.468899297137592
3,0.146868079900742,45.2400016784668,0.248004883527756,-0.0890117883682251,0.4803672251223
4,0.14740215241909,45.3600006103516,0.221759364008904,-0.0767944902181625,0.462011913109638
5,0.147371634840965,45.5800018310547,0.215030133724213,-0.0663225129246712,0.469275166121506
6,0.146578162908554,45.5499992370605,0.175829708576202,-0.0471238903701305,0.472507477443368
7,0.147112235426903,45.4700012207031,0.158617526292801,-0.0383972451090813,0.473020204308874
8,0.147508963942528,45.5800018310547,0.149950414896011,-0.0331612564623356,0.435724699958248
9,0.145860984921455,45.6599998474121,0.149950414896011,-0.0331612564623356,0.423603423762797
10,0.146868079900742,45.3300018310547,0.149950414896011,-0.0314159281551838,0.372045594393023
11,0.147020682692528,45.560001373291,0.149950414896011,-0.0279252678155899,0.322198304539477
12,0.147081717848778,45.5999984741211,0.149950414896011,-0.0279252678155899,0.297307543369048
13,0.14715801179409,45.560001373291,0.149950414896011,-0.0261799395084381,0.274877536398898
14,0.14697490632534,45.5400009155273,0.149950414896011,-0.0244346093386412,0.254439724666917
15,0.146852821111679,45.7000007629395,0.149950414896011,-0.0244346093386412,0.245723171287331
16,0.146822303533554,45.560001373291,0.149950414896011,-0.0314159281551838,0.240010551521419
17,0.147356376051903,45.5800018310547,0.149950414896011,-0.0349065847694874,0.20587785010518
18,0.146959632635117,45.560001373291,0.149950414896011,-0.0401425734162331,0.177881589417858
19,0.147127494215965,45.4700012207031,0.149950414896011,-0.0401425734162331,0.153982185669746
20,0.157122150063515,45.5,0.149950414896011,-0.0401425734162331,0.116335731449761
21,0.168215453624725,45.4700012207031,0.149950414896011,-0.0401425734162331,0.102423753911807
22,0.1781185567379,45.4500007629395,0.149950414896011,-0.0401425734162331,0.0857119341080577
23,0.182848855853081,45.4199981689453,0.149950414896011,-0.0418879017233849,0.0582886491824279
24,0.184634163975716,45.25,0.149950414896011,-0.0436332300305367,0.0158475906134248
25,0.185061424970627,45.310001373291,0.149950414896011,-0.0453785620629787,-0.01678244322092
26,0.185214012861252,45.2400016784668,0.149950414896011,-0.0488692186772823,-0.0354812342594011
27,0.185381859540939,45.1599998474121,0.149950414896011,-0.0506145469844341,-0.0588982509921163
28,0.186663612723351,45.1699981689453,0.149950414896011,-0.0506145469844341,-0.0831942746166556
29,0.187441825866699,45.0999984741211,0.149950414896011,-0.0523598790168762,-0.103215282221195
30,0.189135581254959,45.0999984741211,0.149950414896011,-0.0523598790168762,-0.122996630748514
31,0.189547568559647,44.9599990844727,0.149950414896011,-0.0523598790168762,-0.124194878695768
32,0.191577017307281,45.060001373291,0.149950414896011,-0.0523598790168762,-0.146259578307082
33,0.19253833591938,44.9300003051758,0.149950414896011,-0.054105207324028,-0.150380458568258
34,0.193759053945541,45.0999984741211,0.149950414896011,-0.0575958639383316,-0.165129042697791
35,0.195544362068176,44.8800010681152,0.149950414896011,-0.0593411959707737,-0.172496058236625
36,0.197558552026749,44.7999992370605,0.149950414896011,-0.0593411959707737,-0.180439154390688
37,0.199099719524384,44.6699981689453,0.149950414896011,-0.0610865242779255,-0.201122412181141
38,0.200259402394295,44.6500015258789,0.149950414896011,-0.0628318563103676,-0.233203326522998
39,0.202761888504028,44.5699996948242,0.149950414896011,-0.0645771846175194,-0.238555599341611
40,0.20367743074894,44.4799995422363,0.149950414896011,-0.068067841231823,-0.246650082944439
41,0.204425111413002,44.5499992370605,0.149950414896011,-0.0698131695389748,-0.265521837081792
42,0.204791337251663,44.310001373291,0.149950414896011,-0.0715584978461266,-0.271583649039866
43,0.204913407564163,44.2599983215332,0.149950414896011,-0.0715584978461266,-0.308043983119868
44,0.204989701509476,44.0800018310547,0.149950414896011,-0.0767944902181625,-0.331854685915203
45,0.205310136079788,44.060001373291,0.149950414896011,-0.0820304751396179,-0.361616812461752
46,0.206088349223137,43.9500007629395,0.149950414896011,-0.0837758034467697,-0.365974979590994
47,0.205325394868851,43.9500007629395,0.149950414896011,-0.0837758034467697,-0.372005982979507
48,0.205065995454788,43.9700012207031,0.149950414896011,-0.0820304751396179,-0.364895531419395
49,0.205813691020012,43.9199981689453,0.149950414896011,-0.0820304751396179,-0.385657260066082
50,0.205416947603226,43.689998626709,0.149950414896011,-0.0820304751396179,-0.393133180320485
51,0.205249100923538,43.6699981689453,0.149950414896011,-0.0820304751396179,-0.426177433005388
52,0.205004960298538,43.5,0.149950414896011,-0.0785398185253143,-0.425459425117012
53,0.205645844340324,43.560001373291,0.149950414896011,-0.0733038261532784,-0.435167511491441
54,0.204608231782913,43.4599990844727,0.149950414896011,-0.0645771846175194,-0.42308827170399
55,0.205096513032913,43.4900016784668,0.149950414896011,-0.0558505356311798,-0.422572318759796
56,0.204959183931351,43.2799987792969,0.149950414896011,-0.0471238903701305,-0.406717259252452
57,0.204974442720413,43.4700012207031,0.149950414896011,-0.0453785620629787,-0.402077346136323
58,0.205539017915726,43.3300018310547,0.149950414896011,-0.0401425734162331,-0.382426094816846
59,0.205111771821976,43.2400016784668,0.149950414896011,-0.0331612564623356,-0.375946144189475
60,0.205371171236038,43.2599983215332,0.149950414896011,-0.0174532923847437,-0.384360185115315
61,0.204898148775101,43.1199989318848,0.149950414896011,-0.0104719754308462,-0.382810447067867
62,0.205325394868851,43.0299987792969,0.149950414896011,-0.00349065847694874,-0.42193557325961
63,0.205081254243851,42.8800010681152,0.149950414896011,0,-0.442109277386499
64,0.205310136079788,42.810001373291,0.149950414896011,0,-0.466283095698407
65,0.204928666353226,42.8300018310547,0.149950414896011,-0.00349065847694874,-0.496952835403506
66,0.205355912446976,42.7900009155273,0.149950414896011,-0.0122173046693206,-0.485552852972078
67,0.204852372407913,42.7200012207031,0.149950414896011,-0.0226892810314894,-0.47810303622799
68,0.205447465181351,42.689998626709,0.149950414896011,-0.0523598790168762,-0.45764940846231
69,0.205233842134476,42.6199989318848,0.149950414896011,-0.0785398185253143,-0.431937139808371
70,0.205188065767288,42.6800003051758,0.149950414896011,-0.118682391941547,-0.420512495583774
71,0.205416947603226,42.4700012207031,0.149950414896011,-0.137881010770798,-0.409607309270923
72,0.205600067973137,42.310001373291,0.149950414896011,-0.153588980436325,-0.420413279961964
73,0.204913407564163,42.3199996948242,0.149950414896011,-0.155334308743477,-0.404579748437619
74,0.204730302095413,42.0999984741211,0.149950414896011,-0.162315621972084,-0.410833561824029
75,0.204272523522377,42.0200004577637,0.149950414896011,-0.171042263507843,-0.411077300305517
76,0.202273592352867,41.9300003051758,0.149950414896011,-0.181514248251915,-0.411294860287141
77,0.201510637998581,41.8400001525879,0.149950414896011,-0.21467550098896,-0.449267912352932
78,0.201464861631393,41.6599998474121,0.149950414896011,-0.246091425418854,-0.441467295087467
79,0.199221789836884,41.810001373291,0.149950414896011,-0.249582082033157,-0.469950554352055
80,0.199069201946259,41.5400009155273,0.149950414896011,-0.240855440497398,-0.497160924680364
81,0.198947131633759,41.5200004577637,0.149950414896011,-0.218166157603264,-0.52459885328333
82,0.199374377727509,41.4799995422363,0.149950414896011,-0.176278248429298,-0.521592493576077
83,0.197772189974785,41.5200004577637,0.149950414896011,-0.146607652306557,-0.509541587323368
84,0.197085529565811,41.2900009155273,0.149950414896011,-0.115191727876663,-0.5025360353857
85,0.192935079336166,41.439998626709,0.149950414896011,-0.106465086340904,-0.473050204295666
86,0.187792778015137,41.3600006103516,0.149950414896011,-0.109955742955208,-0.463455360862923
87,0.184771493077278,41.3800010681152,0.149950414896011,-0.115191727876663,-0.443246985457306
88,0.183001443743706,41.2400016784668,0.149950414896011,-0.125663712620735,-0.425421196171941
89,0.179674983024597,41.1500015258789,0.149950414896011,-0.134390354156494,-0.419511042895786
90,0.176562145352364,41.0699996948242,0.149950414896011,-0.144862323999405,-0.408818463703842
91,0.17199969291687,41,0.149950414896011,-0.155334308743477,-0.415228921569677
92,0.169329360127449,40.9199981689453,0.149950414896011,-0.157079637050629,-0.420679321006774
93,0.16557565331459,40.8199996948242,0.149950414896011,-0.157079637050629,-0.424769570699158
94,0.162706956267357,40.8499984741211,0.149950414896011,-0.155334308743477,-0.424157777274713
95,0.156679630279541,40.7900009155273,0.149950414896011,-0.153588980436325,-0.41798488426756
96,0.15345998108387,40.7599983215332,0.149950414896011,-0.15009830892086,-0.41274985442301
97,0.150926992297173,40.7400016784668,0.149950414896011,-0.148352980613708,-0.392630058191481
98,0.150301367044449,40.6300010681152,0.149950414896011,-0.148352980613708,-0.378623072122496
99,0.149782553315163,40.5900001525879,0.149950414896011,-0.15009830892086,-0.377702274247358
100,0.150530248880386,40.5699996948242,0.149950414896011,-0.148352980613708,-0.35988997065915
101,0.14958418905735,40.5699996948242,0.149950414896011,-0.148352980613708,-0.36105651552044
102,0.148760199546814,40.5400009155273,0.149950414896011,-0.144862323999405,-0.354773967239949
103,0.1495231539011,40.4000015258789,0.149950414896011,-0.141371667385101,-0.366985986666801
104,0.149065390229225,40.3400001525879,0.149950414896011,-0.141371667385101,-0.360256096628227
105,0.148088812828064,40.3800010681152,0.149950414896011,-0.13962633907795,-0.355834183236978
106,0.148332953453064,40.2999992370605,0.149950414896011,-0.13962633907795,-0.355286203652706
107,0.148012518882751,40.2299995422363,0.149950414896011,-0.13962633907795,-0.336402012244101
108,0.14746318757534,40.2200012207031,0.149950414896011,-0.137881010770798,-0.321707390813847
109,0.147371634840965,40.2200012207031,0.149950414896011,-0.137881010770798,-0.311488232782665
110,0.147631034255028,40.1699981689453,0.149950414896011,-0.137881010770798,-0.324970629421843
111,0.146700233221054,40.0400009155273,0.149950414896011,-0.137881010770798,-0.310060035571841
112,0.146501868963242,40.060001373291,0.149950414896011,-0.136135682463646,-0.318102363880374
113,0.14703594148159,39.9900016784668,0.149950414896011,-0.136135682463646,-0.313224498923716
114,0.147508963942528,39.9700012207031,0.149950414896011,-0.132645025849342,-0.29986575879239
115,0.146547645330429,39.8800010681152,0.154222935438156,-0.132645025849342,-0.307687377303229
116,0.146929115056992,39.8899993896484,0.156420230865479,-0.132645025849342,-0.305840249018478
117,0.147295340895653,39.7799987792969,0.161547258496284,-0.134390354156494,-0.307664031808721
118,0.146990165114403,39.7700004577637,0.163500413298607,-0.132645025849342,-0.321434940651555
119,0.147310599684715,39.6800003051758,0.164354920387268,-0.134390354156494,-0.332014969691781
120,0.14746318757534,39.6399993896484,0.164232850074768,-0.134390354156494,-0.343743344788305
121,0.147325858473778,39.6399993896484,0.166674301028252,-0.134390354156494,-0.34690586724125
122,0.14715801179409,39.5099983215332,0.167284652590752,-0.134390354156494,-0.320528497576326
123,0.147051200270653,39.5299987792969,0.170092314481735,-0.136135682463646,-0.315167945370575
124,0.14715801179409,39.5999984741211,0.169726103544235,-0.137881010770798,-0.286459026503224
125,0.146990165114403,39.5499992370605,0.170092314481735,-0.137881010770798,-0.269264031076672
126,0.14776836335659,39.4900016784668,0.170580610632896,-0.137881010770798,-0.254908504438693
127,0.147600516676903,39.5699996948242,0.172411695122719,-0.13962633907795,-0.236695160403681
128,0.147417411208153,39.5299987792969,0.175463497638702,-0.13962633907795,-0.229111846836581
129,0.147112235426903,39.3699989318848,0.176806285977364,-0.141371667385101,-0.244991050537605
130,0.14721904695034,39.3899993896484,0.175829708576202,-0.13962633907795,-0.23739822500602
131,0.146929115056992,39.3699989318848,0.176318004727364,-0.136135682463646,-0.251553341237569
132,0.146990165114403,39.0900001525879,0.176073849201202,-0.125663712620735,-0.248395194264492
133,0.146822303533554,39.1599998474121,0.177782863378525,-0.113446399569511,-0.22391883431804
134,0.146913856267929,39.1599998474121,0.177538722753525,-0.0837758034467697,-0.245035114032518
135,0.146959632635117,39.2099990844727,0.178149074316025,-0.0715584978461266,-0.259346047059198
136,0.14715801179409,39.1399993896484,0.177904933691025,-0.0645771846175194,-0.255189034220335
137,0.147264823317528,39.060001373291,0.190127417445183,-0.0645771846175194,-0.267985667250509
138,0.14715801179409,39.0299987792969,0.192690923810005,-0.068067841231823,-0.263587732836049
139,0.146837562322617,39.0900001525879,0.192080572247505,-0.0715584978461266,-0.259829734897843
140,0.146883338689804,39.1399993896484,0.198672458529472,-0.0715584978461266,-0.240227195726556
141,0.146898597478867,39.0900001525879,0.200259402394295,-0.0663225129246712,-0.218095713481281
142,0.147371634840965,39.0299987792969,0.201968416571617,-0.0663225129246712,-0.206984157092602
143,0.147676810622215,39.0999984741211,0.201358050107956,-0.0663225129246712,-0.199630506797503
144,0.146425575017929,38.9799995422363,0.200381472706795,-0.0663225129246712,-0.19977318314379
145,0.147432669997215,38.8400001525879,0.201235979795456,-0.0663225129246712,-0.203288436132822
146,0.146913856267929,38.8800010681152,0.200991839170456,-0.0645771846175194,-0.20911391600209
147,0.147081717848778,38.810001373291,0.201724275946617,-0.0645771846175194,-0.206050633503962
148,0.14697490632534,38.8400001525879,0.201235979795456,-0.0628318563103676,-0.190710800178173
149,0.14740215241909,38.8600006103516,0.197085529565811,-0.0558505356311798,-0.179412020957584
150,0.147631034255028,38.8899993896484,0.19671930372715,-0.0488692186772823,-0.187038828007232
151,0.147264823317528,38.8400001525879,0.195620656013489,-0.0383972451090813,-0.171822890514263
152,0.14721904695034,38.8600006103516,0.195132374763489,-0.0279252678155899,-0.169133786657756
153,0.147661551833153,38.9099998474121,0.190127417445183,-0.0122173046693206,-0.165776258530738
154,0.14728008210659,38.8300018310547,0.189883261919022,0.00174532923847437,-0.158406402642493
155,0.147554740309715,38.9099998474121,0.190249487757683,0.0244346093386412,-0.146360865651482
156,0.146791785955429,38.810001373291,0.190981924533844,0.0331612564623356,-0.1301836782847
157,0.146929115056992,38.8899993896484,0.189639121294022,0.0349065847694874,-0.119658898212095
158,0.146883338689804,38.9099998474121,0.18890668451786,0.0349065847694874,-0.115768310631914
159,0.146715492010117,38.8199996948242,0.18890668451786,0.0349065847694874,-0.118129067351142
160,0.147142753005028,38.8800010681152,0.187563896179199,0.0366519130766392,-0.114353896004553
161,0.147539481520653,38.7799987792969,0.187930107116699,0.0383972451090813,-0.107405658962979
162,0.147631034255028,38.75,0.18805219233036,0.0383972451090813,-0.0997135239352532
163,0.147859916090965,38.7599983215332,0.187685966491699,0.0366519130766392,-0.10839286565429
164,0.146868079900742,38.6699981689453,0.189028769731522,0.0349065847694874,-0.116035287105396
165,0.147127494215965,38.6699981689453,0.18817426264286,0.0314159281551838,-0.123906392965135
166,0.14709697663784,38.4300003051758,0.18829633295536,0.0261799395084381,-0.130583821942299
167,0.147203788161278,38.6399993896484,0.186083778738976,0.00872664619237185,-0.13110249644269
168,0.147020682692528,38.6100006103516,0.18156710267067,-0.00174532923847437,-0.126759515103054
169,0.147600516676903,38.5800018310547,0.17412069439888,-0.0209439508616924,-0.118029323525381
170,0.147264823317528,38.6399993896484,0.170946821570396,-0.0279252678155899,-0.103784168211798
171,0.147188529372215,38.6199989318848,0.169604033231735,-0.0331612564623356,-0.0910228419999177
172,0.146944373846054,38.5999984741211,0.168139159679413,-0.0366519130766392,-0.0854554203095223
173,0.147112235426903,38.5699996948242,0.167650878429413,-0.0401425734162331,-0.105305838520073
174,0.147295340895653,38.5200004577637,0.167772948741913,-0.0401425734162331,-0.10883593853967
175,0.146486610174179,38.4500007629395,0.166918441653252,-0.0401425734162331,-0.131648420132629
176,0.146990165114403,38.4700012207031,0.166552230715752,-0.0401425734162331,-0.153211181873129
177,0.146486610174179,38.4500007629395,0.168139159679413,-0.0418879017233849,-0.146994760265539
178,0.14728008210659,38.3699989318848,0.166552230715752,-0.0453785620629787,-0.150623148562564
179,0.147295340895653,38.4300003051758,0.167895019054413,-0.0471238903701305,-0.155079487007697
180,0.146776527166367,38.3300018310547,0.163866639137268,-0.0506145469844341,-0.131922063099025
181,0.146868079900742,38.3300018310547,0.15727473795414,-0.0523598790168762,-0.137791116241276
182,0.147203788161278,38.25,0.149950414896011,-0.0558505356311798,-0.132973380152674
183,0.147051200270653,38.3600006103516,0.149950414896011,-0.0558505356311798,-0.133213467029222
184,0.147447928786278,38.25,0.149950414896011,-0.0558505356311798,-0.128708055782642
185,0.146684974431992,38.2099990844727,0.149950414896011,-0.0558505356311798,-0.129269934882373
186,0.146746009588242,38.25,0.149950414896011,-0.0593411959707737,-0.151088814172888
187,0.146929115056992,38.25,0.149950414896011,-0.0663225129246712,-0.134760409778877
188,0.14721904695034,38.1399993896484,0.149950414896011,-0.068067841231823,-0.124936682982456
189,0.146929115056992,38.2000007629395,0.149950414896011,-0.068067841231823,-0.142015725987031
190,0.147295340895653,38.0699996948242,0.149950414896011,-0.0663225129246712,-0.13612848466407
191,0.147051200270653,38.0999984741211,0.149950414896011,-0.0628318563103676,-0.146815288291802
192,0.14709697663784,38.0299987792969,0.149950414896011,-0.0593411959707737,-0.14573768823717
193,0.147249564528465,38,0.149950414896011,-0.0471238903701305,-0.165971639400561
194,0.153734639286995,37.9700012207031,0.149950414896011,-0.0418879017233849,-0.168512938070297
195,0.161196306347847,37.9000015258789,0.149950414896011,-0.0279252678155899,-0.171619603046651
196,0.173403531312943,38.0999984741211,0.149950414896011,-0.0122173046693206,-0.173123002557812
197,0.180666819214821,37.9000015258789,0.149950414896011,0.00174532923847437,-0.149584368074134
198,0.184664681553841,37.8899993896484,0.149950414896011,0.00174532923847437,-0.15867689909947
199,0.188982993364334,37.9000015258789,0.149950414896011,0.00174532923847437,-0.173004975112696
200,0.202273592352867,37.9700012207031,0.149950414896011,0,-0.163472336980849
201,0.206301972270012,37.9199981689453,0.149950414896011,0.00174532923847437,-0.15648177497312
202,0.208224609494209,37.439998626709,0.149950414896011,0.00174532923847437,-0.183134109970631
203,0.208880752325058,37.7099990844727,0.149950414896011,0.00349065847694874,-0.264033792019388
204,0.220782786607742,37.4700012207031,0.149950414896011,0.00174532923847437,-0.270103162912094
205,0.221408411860466,37.2700004577637,0.149950414896011,0,-0.312596184044999
206,0.221438929438591,37.2700004577637,0.149950414896011,-0.00523598771542311,-0.366069358394276
207,0.223117411136627,37.1800003051758,0.149950414896011,-0.0104719754308462,-0.406252018399878
208,0.227252617478371,36.9900016784668,0.149950414896011,-0.00872664619237185,-0.458393903198793
209,0.229114219546318,37.0200004577637,0.149950414896011,0,-0.428946100607936
210,0.228656440973282,36.8400001525879,0.149950414896011,0.00174532923847437,-0.423039818784592
211,0.230151832103729,36.8400001525879,0.149950414896011,0.00174532923847437,-0.433448822030894
212,0.230579078197479,36.7799987792969,0.149950414896011,0.00174532923847437,-0.431798545683422
213,0.2338597625494,36.6699981689453,0.149950414896011,0.00174532923847437,-0.440724918685844
214,0.23555351793766,36.4000015258789,0.149950414896011,0.00174532923847437,-0.475035907886268
215,0.236362248659134,36.2000007629395,0.149950414896011,0,-0.533707935559459
216,0.24112306535244,35.9000015258789,0.149950414896011,0.00349065847694874,-0.622891919429821
217,0.24130617082119,35.7299995422363,0.149950414896011,0.0191986225545406,-0.696501221625096
218,0.241504535079002,35.560001373291,0.149950414896011,0.0279252678155899,-0.753807854158941
219,0.241657122969627,35.2799987792969,0.149950414896011,0.0261799395084381,-0.817542125912959
220,0.241260394454002,35.1100006103516,0.149950414896011,0.0244346093386412,-0.869877070959445
221,0.241855502128601,34.9700012207031,0.149950414896011,0.0209439508616924,-0.903690478116072
222,0.241901278495789,34.6800003051758,0.149950414896011,0.0209439508616924,-0.941720790381953
223,0.241153582930565,34.560001373291,0.149950414896011,0.0191986225545406,-0.986552149847014
224,0.240711063146591,34.2999992370605,0.149950414896011,0.0104719754308462,-1.01005183891288
225,0.23724727332592,34.2000007629395,0.149950414896011,0.00174532923847437,-1.02322330580653
226,0.234912648797035,33.9199981689453,0.149950414896011,0,-1.06361542240371
227,0.234561681747437,33.7400016784668,0.149950414896011,-0.00523598771542311,-1.09329181765169
228,0.231830313801765,33.4799995422363,0.149950414896011,-0.0104719754308462,-1.09153936548483
229,0.23179979622364,33.2700004577637,0.149950414896011,-0.0104719754308462,-1.10370003762914
230,0.23118944466114,33.2299995422363,0.149950414896011,-0.0104719754308462,-1.1571272382378
231,0.230365455150604,33.2200012207031,0.149950414896011,-0.0104719754308462,-1.15304036514508
232,0.230212867259979,32.8699989318848,0.149950414896011,-0.00872664619237185,-1.12722368703395
233,0.227450981736183,32.7400016784668,0.149950414896011,-0.00872664619237185,-1.17901509405533
234,0.227801933884621,32.5999984741211,0.149950414896011,-0.00523598771542311,-1.15546779470887
235,0.227756157517433,32.4900016784668,0.149950414896011,-0.0104719754308462,-1.19259621820563
236,0.227527275681496,32.1300010681152,0.149950414896011,-0.013962633907795,-1.12661716007357
237,0.227267876267433,31.9699993133545,0.149950414896011,-0.0226892810314894,-1.14640353279821
238,0.229404136538506,31.8199996948242,0.149950414896011,-0.0244346093386412,-1.14086585753312
239,0.23112840950489,31.7399997711182,0.149950414896011,-0.0209439508616924,-1.1433463807542
240,0.234393835067749,31.5499992370605,0.149950414896011,-0.0191986225545406,-1.10298328700676
241,0.234470129013062,31.4200000762939,0.149950414896011,-0.0209439508616924,-1.09804978310391
242,0.234927907586098,31.2900009155273,0.149950414896011,-0.0209439508616924,-1.06825476113669
243,0.238086521625519,31.2099990844727,0.149950414896011,-0.0209439508616924,-1.07107640759979
244,0.23973448574543,31.0799999237061,0.149950414896011,-0.0209439508616924,-1.00830472227085
245,0.240360110998154,30.8799991607666,0.149950414896011,-0.0191986225545406,-1.02058075276695
246,0.240070194005966,30.6299991607666,0.149950414896011,-0.0191986225545406,-1.01480201332113
247,0.240772113204002,30.4599990844727,0.149950414896011,-0.0191986225545406,-1.06336470532013
248,0.240543216466904,30.2700004577637,0.149950414896011,-0.0191986225545406,-1.05756883855429
249,0.24112306535244,30.0699996948242,0.149950414896011,-0.0191986225545406,-1.10311228006541
250,0.241168841719627,29.8700008392334,0.149950414896011,-0.0157079640775919,-1.10791831254154
251,0.241519793868065,29.7199993133545,0.149950414896011,-0.0157079640775919,-1.15993523076755
252,0.241535052657127,29.4899997711182,0.149950414896011,-0.013962633907795,-1.14322217751675
253,0.241290912032127,29.2999992370605,0.149950414896011,-0.0104719754308462,-1.17696119660792
254,0.241153582930565,29.1000003814697,0.149950414896011,-0.0104719754308462,-1.1634952025368
255,0.236057072877884,28.9500007629395,0.149950414896011,-0.0104719754308462,-1.19036233768593
256,0.228046089410782,28.7900009155273,0.149950414896011,-0.0104719754308462,-1.19204262308095
257,0.227878227829933,28.5900001525879,0.149950414896011,-0.0104719754308462,-1.19127853870721
258,0.227664604783058,28.5,0.149950414896011,-0.0104719754308462,-1.18731890411549
259,0.227740898728371,28.2999992370605,0.149950414896011,-0.00872664619237185,-1.16574886564831
260,0.228625923395157,27.8400001525879,0.149950414896011,-0.00872664619237185,-1.14940375400457
261,0.230823218822479,28.0900001525879,0.149950414896011,-0.00872664619237185,-1.16233592093264
262,0.231174185872078,27.8099994659424,0.149950414896011,-0.0104719754308462,-1.13649884454003
263,0.232257574796677,27.7700004577637,0.149950414896011,-0.0174532923847437,-1.13458285353981
264,0.232104986906052,27.5,0.149950414896011,-0.0261799395084381,-1.11636277553849
265,0.231723502278328,27.4099998474121,0.149950414896011,-0.0349065847694874,-1.11083075644265
266,0.231601431965828,27.2099990844727,0.149950414896011,-0.0349065847694874,-1.0905054635418
267,0.230502784252167,27.0400009155273,0.149950414896011,-0.0349065847694874,-1.08158180782323
268,0.230395972728729,26.9400005340576,0.149950414896011,-0.0349065847694874,-1.07457954607803
269,0.230731666088104,26.7999992370605,0.149950414896011,-0.0349065847694874,-1.06151499172315
270,0.230945289134979,26.6100006103516,0.149950414896011,-0.0349065847694874,-1.05694386295975
271,0.231204703450203,26.4200000762939,0.149950414896011,-0.0349065847694874,-1.05055222148628
272,0.231204703450203,26.3600006103516,0.149950414896011,-0.0349065847694874,-1.04679678247314
273,0.230884253978729,26.25,0.149950414896011,-0.0331612564623356,-1.04137615249227
274,0.232272833585739,25.8600006103516,0.149950414896011,-0.0314159281551838,-1.05506773869848
275,0.233661398291588,25.7600002288818,0.149950414896011,-0.0314159281551838,-1.02724442571358
276,0.233783468604088,25.7199993133545,0.149950414896011,-0.0296705979853868,-1.02687443723726
277,0.233463034033775,25.5499992370605,0.149950414896011,-0.0296705979853868,-1.02275134711267
278,0.233829244971275,25.4799995422363,0.149950414896011,-0.0279252678155899,-1.01180027608249
279,0.233585104346275,25.2900009155273,0.149950414896011,-0.0279252678155899,-1.00367750491393
280,0.233386740088463,25.1900005340576,0.149950414896011,-0.0191986225545406,-1.01560290968358
281,0.233539327979088,24.9799995422363,0.149950414896011,-0.0157079640775919,-1.00719325343565
282,0.233112081885338,24.8600006103516,0.149950414896011,-0.0122173046693206,-1.0191313784335
283,0.2334935516119,24.7600002288818,0.149950414896011,-0.0122173046693206,-1.01025187781602
284,0.234073400497437,24.5100002288818,0.149950414896011,-0.0122173046693206,-1.00049064851413
285,0.233707174658775,24.4099998474121,0.149950414896011,-0.0122173046693206,-1.00349315018375
286,0.233936071395874,24.2000007629395,0.149950414896011,-0.00872664619237185,-0.995084418055167
287,0.233783468604088,24.1100006103516,0.149950414896011,-0.00698131695389748,-0.998494856761947
288,0.234088659286499,23.9599990844727,0.149950414896011,-0.00523598771542311,-0.99557861628442
289,0.233386740088463,23.8600006103516,0.149950414896011,-0.00349065847694874,-0.988680515018663
290,0.233630880713463,23.6700000762939,0.149950414896011,-0.00349065847694874,-0.982120668831975
291,0.2336156219244,23.4699993133545,0.149950414896011,-0.00349065847694874,-0.986510023599155
292,0.2338597625494,23.3299999237061,0.149950414896011,-0.00349065847694874,-1.00034107995069
293,0.233981847763062,23.2099990844727,0.149950414896011,-0.00349065847694874,-1.00869822806364
294,0.234088659286499,23.0799999237061,0.149950414896011,-0.00349065847694874,-1.0046493762178
295,0.235416188836098,22.9400005340576,0.149950414896011,-0.00698131695389748,-0.996860618701482
296,0.235523000359535,22.7700004577637,0.149950414896011,-0.0104719754308462,-0.988989733477918
297,0.236377507448196,22.6200008392334,0.149950414896011,-0.013962633907795,-0.993066302040044
298,0.237644001841545,22.4599990844727,0.149950414896011,-0.0157079640775919,-0.99055511047605
299,0.237964451313019,22.3899993896484,0.149950414896011,-0.013962633907795,-0.9786936618895
300,0.23930723965168,22.1700000762939,0.149950414896011,-0.0104719754308462,-0.972838493298419
301,0.239337757229805,21.9899997711182,0.149950414896011,-0.0104719754308462,-0.978339931623544
302,0.239444568753242,21.8299999237061,0.149950414896011,-0.00872664619237185,-0.993077933203384
303,0.239765018224716,21.6700000762939,0.149950414896011,-0.00872664619237185,-1.00198304061236
304,0.239688709378242,21.5400009155273,0.149950414896011,-0.00872664619237185,-1.02397352320816
305,0.240177005529404,21.4899997711182,0.149950414896011,-0.00872664619237185,-1.04677950583929
306,0.240802630782127,21.2000007629395,0.149950414896011,-0.00872664619237185,-1.02743241228463
307,0.240436404943466,20.9699993133545,0.149950414896011,-0.00523598771542311,-1.05470165799335
308,0.238681614398956,20.6399993896484,0.149950414896011,-0.00349065847694874,-1.0763800974137
309,0.23736934363842,20.6000003814697,0.149950414896011,-0.00349065847694874,-1.09995742611778
310,0.237384602427483,20.4099998474121,0.149950414896011,-0.00349065847694874,-1.10613388447169
311,0.237460896372795,20.2999992370605,0.149950414896011,-0.00349065847694874,-1.10650958750709
312,0.237415120005608,19.9599990844727,0.149950414896011,-0.00349065847694874,-1.11199299720427
313,0.237201496958733,19.9799995422363,0.149950414896011,-0.00349065847694874,-1.11643132868249
314,0.236102849245071,19.7399997711182,0.149950414896011,-0.00174532923847437,-1.10041479466985
315,0.236667424440384,19.4599990844727,0.149950414896011,-0.00523598771542311,-1.15217673224381
316,0.23506523668766,19.2999992370605,0.149950414896011,-0.00523598771542311,-1.15976181008167
317,0.234836339950562,19.1599998474121,0.149950414896011,-0.00523598771542311,-1.1597036635153
318,0.233279928565025,18.9500007629395,0.149950414896011,-0.00523598771542311,-1.15603789482087
319,0.233112081885338,18.6900005340576,0.149950414896011,-0.00872664619237185,-1.16152920144252
320,0.23306630551815,18.5799999237061,0.149950414896011,-0.0191986225545406,-1.16820325154153
321,0.232761114835739,18.3600006103516,0.149950414896011,-0.0279252678155899,-1.1723441253566
322,0.232745856046677,18.2099990844727,0.149950414896011,-0.0418879017233849,-1.17306617024904
323,0.230899512767792,17.8299999237061,0.149950414896011,-0.0436332300305367,-1.18654511158068
324,0.230212867259979,17.7700004577637,0.149950414896011,-0.0453785620629787,-1.18599033824863
325,0.230838477611542,17.7299995422363,0.149950414896011,-0.0471238903701305,-1.17293738303456
326,0.230472266674042,17.5200004577637,0.149950414896011,-0.0453785620629787,-1.14752176717263
327,0.229144737124443,17.3700008392334,0.149950414896011,-0.0453785620629787,-1.14882230993918
328,0.228580147027969,17.2099990844727,0.149950414896011,-0.0453785620629787,-1.14084050364994
329,0.227115288376808,17.1100006103516,0.149950414896011,-0.0453785620629787,-1.13240429889525
330,0.225909814238548,16.9799995422363,0.149950414896011,-0.0453785620629787,-1.12545568748901
331,0.225116357207298,16.8899993896484,0.149950414896011,-0.0436332300305367,-1.09816541163988
332,0.224536508321762,16.7199993133545,0.149950414896011,-0.0418879017233849,-1.0728439059798
333,0.223758295178413,16.5900001525879,0.149950414896011,-0.0401425734162331,-1.04131835509567
334,0.224628061056137,16.5100002288818,0.149950414896011,-0.0401425734162331,-1.03076315094804
335,0.223727777600288,16.3099994659424,0.149950414896011,-0.0383972451090813,-1.0035065824427
336,0.224017694592476,16.2700004577637,0.149950414896011,-0.0366519130766392,-0.990668025763991
337,0.223880365490913,16.1299991607666,0.149950414896011,-0.0366519130766392,-0.978142166013832
338,0.223880365490913,16.0100002288818,0.149950414896011,-0.0349065847694874,-0.961874786804166
339,0.223743036389351,15.9700002670288,0.149950414896011,-0.0349065847694874,-0.92725024024733
340,0.224063470959663,15.8000001907349,0.149950414896011,-0.0331612564623356,-0.915028699683706
341,0.223880365490913,15.6700000762939,0.149950414896011,-0.0331612564623356,-0.901021176086529
342,0.223178461194038,15.5100002288818,0.149950414896011,-0.0331612564623356,-0.895914471304724
343,0.224505990743637,15.4499998092651,0.149950414896011,-0.0331612564623356,-0.883831122318538
344,0.224093988537788,15.2600002288818,0.149950414896011,-0.0314159281551838,-0.869543791272481
345,0.224170297384262,15.2799997329712,0.149950414896011,-0.0314159281551838,-0.87601803470148
346,0.224185556173325,15.1700000762939,0.149950414896011,-0.0296705979853868,-0.841156870968895
347,0.223620966076851,14.9700002670288,0.149950414896011,-0.0296705979853868,-0.828601305244637
348,0.224322885274887,14.8199996948242,0.149950414896011,-0.0279252678155899,-0.824027655964244
349,0.224444955587387,14.6599998474121,0.149950414896011,-0.0226892810314894,-0.835340977220692
350,0.223865106701851,14.6800003051758,0.149950414896011,-0.0104719754308462,-0.845462419339684
351,0.224612802267075,14.4899997711182,0.149950414896011,0,-0.839177006174413
352,0.223971918225288,14.3800001144409,0.149950414896011,0.013962633907795,-0.822505221234925
353,0.224811166524887,14.2700004577637,0.149950414896011,0.0261799395084381,-0.80748459750829
354,0.22482642531395,14.1700000762939,0.149950414896011,0.0383972451090813,-0.814570697557338
355,0.225162133574486,14.0900001525879,0.149950414896011,0.0436332300305367,-0.801441394028222
356,0.225040048360825,13.9799995422363,0.149950414896011,0.0523598790168762,-0.793780740182549
357,0.225848779082298,13.8100004196167,0.149950414896011,0.0575958639383316,-0.793034676434991
358,0.227145805954933,13.7299995422363,0.149950414896011,0.0610865242779255,-0.801210933251403
359,0.227862969040871,13.6599998474121,0.149950414896011,0.0628318563103676,-0.794701580323627
360,0.228320747613907,13.5600004196167,0.149950414896011,0.0628318563103676,-0.776659141180632
361,0.228992134332657,13.5299997329712,0.149950414896011,0.0628318563103676,-0.757055138212444
362,0.230045020580292,13.3800001144409,0.149950414896011,0.0628318563103676,-0.736716873376196
363,0.229694053530693,13.2799997329712,0.149950414896011,0.0628318563103676,-0.737161153893803
364,0.229800865054131,13.0900001525879,0.149950414896011,0.0610865242779255,-0.739485214188032
365,0.230289161205292,13.039999961853,0.149950414896011,0.0610865242779255,-0.744363099879589
366,0.229526206851006,12.8999996185303,0.149950414896011,0.0610865242779255,-0.751075273628189
367,0.229617759585381,12.7299995422363,0.149950414896011,0.0610865242779255,-0.754865042671934
368,0.229617759585381,12.6400003433228,0.149950414896011,0.0610865242779255,-0.760784945354629
369,0.230060279369354,12.3999996185303,0.149950414896011,0.0610865242779255,-0.758762107293186
370,0.229861900210381,12.4300003051758,0.149950414896011,0.0610865242779255,-0.770141294913408
371,0.230090796947479,12.210000038147,0.149950414896011,0.0593411959707737,-0.767088652680518
372,0.230243384838104,12.1899995803833,0.149950414896011,0.0593411959707737,-0.772291801978434
373,0.229678794741631,12.0100002288818,0.149950414896011,0.0593411959707737,-0.77412862904758
374,0.230289161205292,11.9200000762939,0.149950414896011,0.0593411959707737,-0.773459162701688
375,0.229938194155693,11.8100004196167,0.149950414896011,0.0593411959707737,-0.775166390845298
376,0.229587242007256,11.6899995803833,0.149950414896011,0.0593411959707737,-0.774418173322134
377,0.230960562825203,11.539999961853,0.149950414896011,0.0593411959707737,-0.781155439779107
378,0.233783468604088,11.4499998092651,0.149950414896011,0.0575958639383316,-0.779955385723954
379,0.235080495476723,11.3000001907349,0.149950414896011,0.0575958639383316,-0.776208458442783
380,0.234470129013062,11.1899995803833,0.149950414896011,0.0558505356311798,-0.775381623393773
381,0.234012365341187,11.039999961853,0.149950414896011,0.0558505356311798,-0.786950877984848
382,0.234378576278687,10.9399995803833,0.149950414896011,0.0558505356311798,-0.790450086108538
383,0.235049977898598,10.8100004196167,0.149950414896011,0.0558505356311798,-0.795210652982005
384,0.234210729598999,10.6700000762939,0.149950414896011,0.0558505356311798,-0.808564715185514
385,0.234500646591187,10.5600004196167,0.149950414896011,0.054105207324028,-0.811519934314973
386,0.234561681747437,10.4200000762939,0.149950414896011,0.054105207324028,-0.818302069405353
387,0.234317541122437,10.25,0.149950414896011,0.0523598790168762,-0.81997050621737
388,0.234424352645874,10.1099996566772,0.149950414896011,0.0523598790168762,-0.826115080526758
389,0.235263600945473,9.96000003814697,0.149950414896011,0.0523598790168762,-0.842538624084934
390,0.234378576278687,9.81999969482422,0.149950414896011,0.0523598790168762,-0.857459017765314
391,0.23500420153141,9.68000030517578,0.149950414896011,0.0523598790168762,-0.865259334374023
392,0.234851598739624,9.5600004196167,0.149950414896011,0.0506145469844341,-0.873329099642962
393,0.234363317489624,9.39000034332275,0.149950414896011,0.0506145469844341,-0.874025827711383
394,0.234683752059937,9.26000022888184,0.149950414896011,0.0488692186772823,-0.881434215524397
395,0.234531164169312,9.10999965667725,0.149950414896011,0.0488692186772823,-0.891511673983288
396,0.235034719109535,8.98999977111816,0.149950414896011,0.0488692186772823,-0.89760086333496
397,0.234317541122437,8.85000038146973,0.149950414896011,0.0488692186772823,-0.895808796931463
398,0.235019460320473,8.72000026702881,0.149950414896011,0.0471238903701305,-0.896437303070491
399,0.234348058700562,8.60000038146973,0.149950414896011,0.0453785620629787,-0.899507871014177
400,0.234866872429848,8.4399995803833,0.149950414896011,0.0436332300305367,-0.899651845316705
401,0.235156789422035,8.28999996185303,0.149950414896011,0.0418879017233849,-0.907707539029532
402,0.234988942742348,8.15999984741211,0.149950414896011,0.0418879017233849,-0.907438359004357
403,0.234470129013062,8,0.149950414896011,0.0418879017233849,-0.904348835080625
404,0.235767140984535,7.82999992370605,0.149950414896011,0.0418879017233849,-0.909469540385013
405,0.235141530632973,7.69999980926514,0.149950414896011,0.0401425734162331,-0.91088804048726
406,0.236316472291946,7.6100001335144,0.149950414896011,0.0383972451090813,-0.936471849805125
407,0.236728459596634,7.40999984741211,0.149950414896011,0.0366519130766392,-0.920692552840171
408,0.237323567271233,7.30999994277954,0.149950414896011,0.0366519130766392,-0.919443734199104
409,0.237964451313019,7.17999982833862,0.149950414896011,0.0366519130766392,-0.914824012529222
410,0.239703968167305,7.03999996185303,0.149950414896011,0.0366519130766392,-0.913812479113899
411,0.240894183516502,6.88000011444092,0.149950414896011,0.0366519130766392,-0.914954339248033
412,0.241947054862976,6.71999979019165,0.149950414896011,0.0366519130766392,-0.92441141713948
413,0.243228808045387,6.59999990463257,0.149950414896011,0.0366519130766392,-0.929718249724963
414,0.244556337594986,6.3899998664856,0.149950414896011,0.0366519130766392,-0.932719530635687
415,0.246509492397308,6.21999979019165,0.149950414896011,0.0366519130766392,-0.95252196911606
416,0.247623413801193,6,0.149950414896011,0.0366519130766392,-0.969828265206914
417,0.247806519269943,5.78999996185303,0.149950414896011,0.0366519130766392,-1.00092843641028
418,0.247776001691818,5.57000017166138,0.149950414896011,0.0366519130766392,-1.03019747167768
419,0.248249024152756,5.42000007629395,0.149950414896011,0.0349065847694874,-1.06487710663212
420,0.248050659894943,5.17000007629395,0.149950414896011,0.0349065847694874,-1.08397988081321
421,0.248172730207443,4.92999982833862,0.149950414896011,0.0349065847694874,-1.12276489909875
422,0.247943848371506,4.71000003814697,0.149950414896011,0.0349065847694874,-1.14797862221271
423,0.246021211147308,4.5,0.149950414896011,0.0349065847694874,-1.18006233497718
424,0.246478974819183,4.28999996185303,0.149950414896011,0.0349065847694874,-1.20629549463916
425,0.246204316616058,4.01999998092651,0.149950414896011,0.0349065847694874,-1.23684477410905
426,0.246082246303558,3.77999997138977,0.149950414896011,0.0349065847694874,-1.25879383109745
427,0.245746552944183,3.58999991416931,0.149950414896011,0.0349065847694874,-1.2939938184561
428,0.246463716030121,3.46000003814697,0.149950414896011,0.0349065847694874,-1.30628960388425
429,0.246051728725433,3.11999988555908,0.149950414896011,0.0349065847694874,-1.30538307222115
430,0.246021211147308,2.89000010490417,0.149950414896011,0.0349065847694874,-1.32750328329308
431,0.246509492397308,2.71000003814697,0.149950414896011,0.0349065847694874,-1.34459014609145
432,0.246128022670746,2.52999997138977,0.149950414896011,0.0349065847694874,-1.35327409801044
433,0.246051728725433,2.25,0.149950414896011,0.0349065847694874,-1.36216625699728
434,0.245944917201996,2.10999989509583,0.149950414896011,0.0349065847694874,-1.36952420054913
435,0.246265351772308,1.94000005722046,0.149950414896011,0.0349065847694874,-1.36652942646412
436,0.246509492397308,1.69000005722046,0.149950414896011,0.0349065847694874,-1.36801090367803
437,0.245334550738335,1.53999996185303,0.149950414896011,0.0331612564623356,-1.37013084621422
438,0.244235903024673,1.35000002384186,0.149950414896011,0.0331612564623356,-1.36620412229074
439,0.2431830316782,1.08000004291534,0.149950414896011,0.0331612564623356,-1.34796317818963
440,0.2429388910532,1.03999996185303,0.149950414896011,0.0331612564623356,-1.34057248752619
441,0.241519793868065,0,0.149950414896011,0.0331612564623356,-1.30956198223225
442,0.241947054862976,0,0.149950414896011,0.0331612564623356,-1.28945371021989
443,0.241565570235252,0,0.149950414896011,0.0331612564623356,-1.25877568311525
444,0.242114901542664,0,0.149950414896011,0.0331612564623356,-1.21620042233977
445,0.237689778208733,0,0.149950414896011,0.0331612564623356,-1.4962602585674
446,0.233875021338463,0,0.149950414896011,0.0331612564623356,-1.38337671835004
447,0.231769278645515,0,0.149950414896011,0.0331612564623356,-1.22981686528331
448,0.232196539640427,0,0.149950414896011,0.0331612564623356,-1.1370348236717
449,0.232425421476364,0,0.149950414896011,0.0331612564623356,-1.01081981792616
450,0.234439611434937,0,0.149950414896011,0.0331612564623356,-0.934559742905107
451,0.236804753541946,0,0.149950414896011,0.0331612564623356,-0.86405301673919
452,0.236011296510696,0,0.149950414896011,0.0331612564623356,-0.768139985579759
453,0.235507741570473,0,0.149950414896011,0.0331612564623356,-0.710188596135132
454,0.234912648797035,0,0.149950414896011,0.0331612564623356,-0.631355075933741
455,0.234119176864624,0,0.149950414896011,0.0331612564623356,-0.583723258074835
456,0.234103918075562,0,0.149950414896011,0.0331612564623356,-0.518927850900051
457,0.234515905380249,0,0.149950414896011,0.0331612564623356,-0.479777968657592
458,0.234363317489624,0,0.149950414896011,0.0331612564623356,-0.426520867107127
459,0.234561681747437,0,0.149950414896011,0.0331612564623356,-0.394342517665613
460,0.234348058700562,0,0.149950414896011,0.0331612564623356,-0.350569062273851
461,0.234241247177124,0,0.149950414896011,0.0331612564623356,-0.324120804617096
462,0.234927907586098,0,0.149950414896011,0.0331612564623356,-0.288142215074085
463,0.234866872429848,0,0.149950414896011,0.0331612564623356,-0.266403675179443
464,0.23537041246891,0,0.149950414896011,0.0331612564623356,-0.236831897171074
465,0.235889226198196,0,0.149950414896011,0.0331612564623356,-0.218964401970298
466,0.237811863422394,0,0.149950414896011,0.0331612564623356,-0.194658556030149
467,0.238590061664581,0,0.149950414896011,0.0331612564623356,-0.179972777394739
468,0.238681614398956,0,0.149950414896011,0.0331612564623356,-0.159995143763814
469,0.238803699612617,0,0.149950414896011,0.0331612564623356,-0.147924504219502
470,0.23894102871418,0,0.149950414896011,0.0331612564623356,-0.131504345609338
471,0.239154651761055,0,0.149950414896011,0.0331612564623356,-0.121583159771947
472,0.239078357815742,0,0.149950414896011,0.0331612564623356,-0.108086986312965
473,0.239383533596992,0,0.149950414896011,0.0331612564623356,-0.0999324947420165
474,0.238910511136055,0,0.149950414896011,0.0331612564623356,-0.088839623938553
475,0.239932864904404,0,0.149950414896011,0.0331612564623356,-0.0821372262745498
476,0.239642933011055,0,0.149950414896011,0.0331612564623356,-0.0730196950694037
477,0.23942930996418,0,0.149950414896011,0.0331612564623356,-0.0675108127490789
478,0.23936827480793,0,0.149950414896011,0.0331612564623356,-0.0600168667048451
479,0.23894102871418,0,0.149950414896011,0.0331612564623356,-0.0554889669978228
480,0.238742649555206,0,0.149950414896011,0.0331612564623356,-0.049329489607475
481,0.238056004047394,0,0.149950414896011,0.0331612564623356,-0.0456078861015856
482,0.238437473773956,0,0.149950414896011,0.0331612564623356,-0.0405452446709875
483,0.238132297992706,0,0.149950414896011,0.0331612564623356,-0.0374863578688863
484,0.238422214984894,0,0.149950414896011,0.0331612564623356,-0.0333252356452748
485,0.238254368305206,0,0.149950414896011,0.0331612564623356,-0.0308110536661194
486,0.237521931529045,0,0.149950414896011,0.0331612564623356,-0.0273909145159943
487,0.23682002723217,0,0.149950414896011,0.0331612564623356,-0.0253244401960007
488,0.235263600945473,0,0.149950414896011,0.0331612564623356,-0.0225133351196239
489,0.234592199325562,0,0.149950414896011,0.0331612564623356,-0.020814843860599
490,0.235049977898598,0,0.149950414896011,0.0331612564623356,-0.0185043203983762
491,0.235156789422035,0,0.149950414896011,0.0331612564623356,-0.0171082843919898
492,0.234851598739624,0,0.149950414896011,0.0331612564623356,-0.0152092025275854
493,0.234607458114624,0,0.149950414896011,0.0331612564623356,-0.0140617626919244
494,0.235385671257973,0,0.149950414896011,0.0331612564623356,-0.0125008558296153
495,0.235935002565384,0,0.149950414896011,0.0331612564623356,-0.01155774392531
496,0.241321429610252,0,0.149950414896011,0.0331612564623356,-0.0102747922640515
497,0.242114901542664,0,0.149950414896011,0.0331612564623356,-0.00949962302519553
498,0.241351947188377,0,0.149950414896011,0.0331612564623356,-0.00844513027814521
499,0.241748690605164,0,0.149950414896011,0.0331612564623356,-0.00780799766840348
500,0.24167238175869,0,0.149950414896011,0.0331612564623356,-0.00694128149572169
501,0.241794466972351,0,0.149950414896011,0.0331612564623356,-0.00641760493317464
502,0.24100099503994,0,0.149950414896011,0.0331612564623356,-0.00570522741698075
503,0.240894183516502,0,0.149950414896011,0.0331612564623356,-0.00527480345504878
504,0.241138324141502,0,0.149950414896011,0.0331612564623356,-0.00468928106424312
505,0.241397723555565,0,0.149950414896011,0.0331612564623356,-0.00433550394253247
506,0.241504535079002,0,0.149950414896011,0.0331612564623356,-0.00385424721791476
507,0.24106203019619,0,0.149950414896011,0.0331612564623356,-0.00356346821182948
508,0.242084383964539,0,0.149950414896011,0.0331612564623356,-0.00316791026455596
509,0.241733431816101,0,0.149950414896011,0.0331612564623356,-0.00292891111737793
510,0.241748690605164,0,0.149950414896011,0.0331612564623356,-0.00260379131821974
511,0.241336688399315,0,0.149950414896011,0.0331612564623356,-0.00240735144066174
512,0.241916537284851,0,0.149950414896011,0.0331612564623356,-0.00214012666478947
513,0.241046771407127,0,0.149950414896011,0.0331612564623356,-0.00197866740457606
514,0.241260394454002,0,0.149950414896011,0.0331612564623356,-0.00175902811768895
515,0.241702914237976,0,0.149950414896011,0.0331612564623356,-0.00162632037508224
516,0.24167238175869,0,0.149950414896011,0.0331612564623356,-0.00144579289148043
517,0.241855502128601,0,0.149950414896011,0.0331612564623356,-0.00133671680055513
518,0.244846269488335,0,0.149950414896011,0.0331612564623356,-0.00118833636826774
519,0.245853364467621,0,0.149950414896011,0.0331612564623356,-0.00109868377243689
520,0.246646836400032,0,0.149950414896011,0.0331612564623356,-0.000976725873027223
521,0.246768906712532,0,0.149950414896011,0.0331612564623356,-0.000903037974322506
522,0.246570527553558,0,0.149950414896011,0.0331612564623356,-0.000802797470914267
523,0.247409775853157,0,0.149950414896011,0.0331612564623356,-0.000742231389528723
524,0.247257187962532,0,0.149950414896011,0.0331612564623356,-0.000659841002582289
525,0.246448457241058,0,0.149950414896011,0.0331612564623356,-0.000610060098541317
526,0.24705882370472,0,0.149950414896011,0.0331612564623356,-0.000542341206173651
527,0.247028306126595,0,0.149950414896011,0.0331612564623356,-0.00050142493174339
528,0.246677353978157,0,0.149950414896011,0.0331612564623356,-0.000445764938466686
529,0.246982529759407,0,0.149950414896011,0.0331612564623356,-0.00041213474340485
530,0.246921494603157,0,0.149950414896011,0.0331612564623356,-0.000366386286168683
531,0.246952012181282,0,0.149950414896011,0.0331612564623356,-0.000338744717241756
532,0.246723130345345,0,0.149950414896011,0.0331612564623356,-0.00030114282014693
533,0.246601060032845,0,0.149950414896011,0.0331612564623356,-0.000278423465372531
534,0.246494233608246,0,0.149950414896011,0.0331612564623356,-0.000247517446884718
535,0.246509492397308,0,0.149950414896011,0.0331612564623356,-0.000228843793347557
536,0.246738389134407,0,0.149950414896011,0.0331612564623356,-0.000203441298990418
537,0.246417939662933,0,0.149950414896011,0.0331612564623356,-0.000188092916965993
538,0.246952012181282,0,0.149950414896011,0.0331612564623356,-0.000167213918274558
539,0.246784165501595,0,0.149950414896011,0.0331612564623356,-0.000154598667043786
540,0.246295869350433,0,0.149950414896011,0.0331612564623356,-0.000137437652057303
541,0.247089341282845,0,0.149950414896011,0.0331612564623356,-0.000127068835112151
542,0.246616318821907,0,0.149950414896011,0.0331612564623356,-0.000112963731715257
543,0.246890977025032,0,0.149950414896011,0.0331612564623356,-0.000104441320003011
544,0.247409775853157,0,0.149950414896011,0.0331612564623356,-9.2847953177461e-05
545,0.246311128139496,0,0.149950414896011,0.0331612564623356,-8.58431519762028e-05
546,0.246234834194183,0,0.149950414896011,0.0331612564623356,-7.63142495236783e-05
547,0.246906235814095,0,0.149950414896011,0.0331612564623356,-7.05568135389037e-05
548,0.24711985886097,0,0.149950414896011,0.0331612564623356,-6.27247503155081e-05
549,0.246326386928558,0,0.149950414896011,0.0331612564623356,-5.79925576141902e-05
550,0.246341645717621,0,0.149950414896011,0.0331612564623356,-5.15551725490283e-05
551,0.246738389134407,0,0.149950414896011,0.0331612564623356,-4.76656550934064e-05
552,0.246494233608246,0,0.149950414896011,0.0331612564623356,-4.2374593811702e-05
553,0.24705882370472,0,0.149950414896011,0.0331612564623356,-3.91776939827127e-05
554,0.246478974819183,0,0.149950414896011,0.0331612564623356,-3.4828827291755e-05
555,0.246646836400032,0,0.149950414896011,0.0331612564623356,-3.22012086647143e-05
556,0.246280610561371,0,0.149950414896011,0.0331612564623356,-2.86267572477333e-05
557,0.246952012181282,0,0.149950414896011,0.0331612564623356,-2.64670462719428e-05
558,0.247074082493782,0,0.149950414896011,0.0331612564623356,-2.35291077605317e-05
559,0.24693675339222,0,0.149950414896011,0.0331612564623356,-2.17539827667638e-05
560,0.246784165501595,0,0.149950414896011,0.0331612564623356,-1.93392114662429e-05
561,0.24675364792347,0,0.149950414896011,0.0331612564623356,-1.7880188115979e-05
562,0.247074082493782,0,0.149950414896011,0.0331612564623356,-1.58954221274563e-05
563,0.24675364792347,0,0.149950414896011,0.0331612564623356,-1.46962112864796e-05
564,0.246723130345345,0,0.149950414896011,0.0331612564623356,-1.30648783199387e-05
565,0.246677353978157,0,0.149950414896011,0.0331612564623356,-1.20792144230203e-05
566,0.246494233608246,0,0.149950414896011,0.0331612564623356,-1.07383776376702e-05
567,0.246494233608246,0,0.149950414896011,0.0331612564623356,-9.92823376263889e-06
568,0.246982529759407,0,0.149950414896011,0.0331612564623356,-8.82616366301961e-06
569,0.246433198451996,0,0.149950414896011,0.0331612564623356,-8.1602844517563e-06
570,0.246921494603157,0,0.149950414896011,0.0331612564623356,-7.25446316333023e-06
571,0.246326386928558,0,0.149950414896011,0.0331612564623356,-6.70715898976538e-06
572,0.245792329311371,0,0.149950414896011,0.0331612564623356,-5.96263991892831e-06
573,0.246570527553558,0,0.149950414896011,0.0331612564623356,-5.51279578303283e-06
574,0.246311128139496,0,0.149950414896011,0.0331612564623356,-4.90085537721256e-06
575,0.246463716030121,0,0.149950414896011,0.0331612564623356,-4.53111628810333e-06
576,0.24675364792347,0,0.149950414896011,0.0331612564623356,-4.02814588083833e-06
577,0.246387422084808,0,0.149950414896011,0.0331612564623356,-3.72424730107094e-06
578,0.246707871556282,0,0.149950414896011,0.0331612564623356,-3.44327598101973e-06
579,0.24663157761097,0,0.149950414896011,0.0331612564623356,-3.06105980902557e-06
580,0.246723130345345,0,0.149950414896011,0.0331612564623356,-2.72127102389761e-06
581,0.246250092983246,0,0.149950414896011,0.0331612564623356,-2.51596803244972e-06
582,0.246646836400032,0,0.149950414896011,0.0331612564623356,-2.23668641938023e-06
583,0.24705882370472,0,0.149950414896011,0.0331612564623356,-2.06794232561042e-06
584,0.246448457241058,0,0.149950414896011,0.0331612564623356,-1.83839319740912e-06
585,0.246524751186371,0,0.149950414896011,0.0331612564623356,-1.69969785263417e-06
586,0.24681468307972,0,0.149950414896011,0.0331612564623356,-1.51102520183255e-06
587,0.24669261276722,0,0.149950414896011,0.0331612564623356,-1.39702773838069e-06
588,0.245960175991058,0,0.149950414896011,0.0331612564623356,-1.2419525723827e-06
589,0.246509492397308,0,0.149950414896011,0.0331612564623356,-1.1482549670698e-06
590,0.246738389134407,0,0.149950414896011,0.0331612564623356,-1.06162626393288e-06
591,0.246097505092621,0,0.149950414896011,0.0331612564623356,-9.43781882905737e-07
592,0.246494233608246,0,0.149950414896011,0.0331612564623356,-8.72579403574091e-07
593,0.246677353978157,0,0.149950414896011,0.0331612564623356,-7.75719912428606e-07
594,0.246890977025032,0,0.149950414896011,0.0331612564623356,-7.17196664597454e-07
595,0.24681468307972,0,0.149950414896011,0.0331612564623356,-6.37585223278062e-07
596,0.246677353978157,0,0.149950414896011,0.0331612564623356,-5.89483379510042e-07
597,0.246311128139496,0,0.149950414896011,0.0331612564623356,-5.24048577881453e-07
598,0.246829941868782,0,0.149950414896011,0.0331612564623356,-4.84512368603414e-07
599,0.245990693569183,0,0.149950414896011,0.0331612564623356,-4.30729731419455e-07
600,0.246311128139496,0,0.149950414896011,0.0331612564623356,-3.98233849315325e-07
601,0.24681468307972,0,0.149950414896011,0.0331612564623356,-3.54028441940826e-07
602,0.246601060032845,0,0.149950414896011,0.0331612564623356,-3.27319195581385e-07
603,0.246921494603157,0,0.149950414896011,0.0331612564623356,-2.90985572994944e-07
604,0.246509492397308,0,0.149950414896011,0.0331612564623356,-2.69032519411006e-07
605,0.246646836400032,0,0.149950414896011,0.0331612564623356,-2.39168930120446e-07
606,0.246799424290657,0,0.149950414896011,0.0331612564623356,-2.21125120303667e-07
607,0.246448457241058,0,0.149950414896011,0.0331612564623356,-1.96579426760628e-07
608,0.246005952358246,0,0.149950414896011,0.0331612564623356,-1.81748730363007e-07
609,0.246829941868782,0,0.149950414896011,0.0331612564623356,-1.61573959485775e-07
610,0.246967270970345,0,0.149950414896011,0.0331612564623356,-1.49384208104452e-07
611,0.246768906712532,0,0.149950414896011,0.0331612564623356,-1.32802017047796e-07
612,0.245899140834808,0,0.149950414896011,0.0331612564623356,-1.22782929962829e-07
613,0.246463716030121,0,0.149950414896011,0.0331612564623356,-1.09153577643901e-07
614,0.247074082493782,0,0.149950414896011,0.0331612564623356,-1.00918618383784e-07
615,0.24693675339222,0,0.149950414896011,0.0331612564623356,-8.97162842652838e-08
616,0.246662095189095,0,0.149950414896011,0.0331612564623356,-8.29477480263348e-08
617,0.246448457241058,0,0.149950414896011,0.0331612564623356,-7.37402459553642e-08
618,0.24669261276722,0,0.149950414896011,0.0331612564623356,-6.81770025474891e-08
619,0.246509492397308,0,0.149950414896011,0.0331612564623356,-6.06091070098155e-08
620,0.246829941868782,0,0.149950414896011,0.0331612564623356,-5.60365264513827e-08
621,0.246616318821907,0,0.149950414896011,0.0331612564623356,-4.98162679678456e-08
622,0.246601060032845,0,0.149950414896011,0.0331612564623356,-4.60579400590289e-08
623,0.246601060032845,0,0.149950414896011,0.0331612564623356,-4.09453410003599e-08
624,0.246616318821907,0,0.149950414896011,0.0331612564623356,-3.78562694160133e-08
625,0.246524751186371,0,0.149950414896011,0.0331612564623356,-3.36540856637009e-08
626,0.246829941868782,0,0.149950414896011,0.0331612564623356,-3.11150939938063e-08
627,0.246707871556282,0,0.149950414896011,0.0331612564623356,-2.76612052601971e-08
628,0.246784165501595,0,0.149950414896011,0.0331612564623356,-2.55743391828745e-08
629,0.246784165501595,0,0.149950414896011,0.0331612564623356,-2.27354944089903e-08
630,0.245975434780121,0,0.149950414896011,0.0331612564623356,-2.10202426118624e-08
631,0.246799424290657,0,0.149950414896011,0.0331612564623356,-1.86869191403249e-08
632,0.247028306126595,0,0.149950414896011,0.0331612564623356,-1.72771071933477e-08
633,0.246112763881683,0,0.149950414896011,0.0331612564623356,-1.53592853832532e-08
634,0.246494233608246,0,0.149950414896011,0.0331612564623356,-1.42005227285994e-08
635,0.246295869350433,0,0.149950414896011,0.0331612564623356,-1.26242129969485e-08
636,0.246005952358246,0,0.149950414896011,0.0331612564623356,-1.16717945607882e-08
637,0.246570527553558,0,0.149950414896011,0.0331612564623356,-1.03761828636957e-08
638,0.246524751186371,0,0.149950414896011,0.0331612564623356,-9.59336433403815e-09
639,0.246387422084808,0,0.149950414896011,0.0331612564623356,-8.52846596036335e-09
640,0.246555268764496,0,0.149950414896011,0.0331612564623356,-7.88504619116434e-09
641,0.246707871556282,0,0.149950414896011,0.0331612564623356,-7.00977735189706e-09
642,0.246234834194183,0,0.149950414896011,0.0331612564623356,-6.48093320256755e-09
643,0.246326386928558,0,0.149950414896011,0.0331612564623356,-5.76152601787198e-09
644,0.246982529759407,0,0.149950414896011,0.0331612564623356,-5.32685467628697e-09
645,0.246478974819183,0,0.149950414896011,0.0331612564623356,-4.73555441038825e-09
646,0.24669261276722,0,0.149950414896011,0.0331612564623356,-4.37828625220807e-09
647,0.246173799037933,0,0.149950414896011,0.0331612564623356,-3.8922805354319e-09
648,0.246265351772308,0,0.149950414896011,0.0331612564623356,-3.59863215184163e-09
649,0.246402680873871,0,0.149950414896011,0.0331612564623356,-3.19917087918328e-09
650,0.246921494603157,0,0.149950414896011,0.0331612564623356,-2.95781331285437e-09
651,0.24705882370472,0,0.149950414896011,0.0331612564623356,-2.62948526475589e-09
652,0.246570527553558,0,0.149950414896011,0.0331612564623356,-2.43110693856868e-09
653,0.246967270970345,0,0.149950414896011,0.0331612564623356,-2.16124521592716e-09
654,0.246036469936371,0,0.149950414896011,0.0331612564623356,-1.99819269224034e-09
655,0.246860459446907,0,0.149950414896011,0.0331612564623356,-1.7763860273245e-09
656,0.246402680873871,0,0.149950414896011,0.0331612564623356,-1.64236873828079e-09
657,0.246112763881683,0,0.149950414896011,0.0331612564623356,-1.46005982792656e-09
658,0.247257187962532,0,0.149950414896011,0.0331612564623356,-1.34990738528713e-09
659,0.246662095189095,0,0.149950414896011,0.0331612564623356,-1.20006275006324e-09
660,0.246799424290657,0,0.149950414896011,0.0331612564623356,-1.10952547158214e-09
661,0.246509492397308,0,0.149950414896011,0.0331612564623356,-9.86364104089148e-10
662,0.24675364792347,0,0.149950414896011,0.0331612564623356,-9.1194906073331e-10
663,0.246112763881683,0,0.149950414896011,0.0331612564623356,-8.10719394285274e-10
664,0.246585801243782,0,0.149950414896011,0.0331612564623356,-7.49555653000438e-10
665,0.246540009975433,0,0.149950414896011,0.0331612564623356,-6.66352246138589e-10
666,0.246189057826996,0,0.149950414896011,0.0331612564623356,-6.16080109225767e-10
667,0.246906235814095,0,0.149950414896011,0.0331612564623356,-5.47692973751286e-10
668,0.245929658412933,0,0.149950414896011,0.0331612564623356,-5.0637294170792e-10
669,0.246417939662933,0,0.149950414896011,0.0331612564623356,-4.5016370130782e-10
670,0.246448457241058,0,0.149950414896011,0.0331612564623356,-4.16201646919212e-10
671,0.246967270970345,0,0.149950414896011,0.0331612564623356,-3.70001748584018e-10
672,0.246860459446907,0,0.149950414896011,0.0331612564623356,-3.42087415480786e-10
673,0.24675364792347,0,0.149950414896011,0.0331612564623356,-3.04114466709563e-10
674,0.246265351772308,0,0.149950414896011,0.0331612564623356,-2.81170919664906e-10
675,0.246158540248871,0,0.149950414896011,0.0331612564623356,-2.49959923746254e-10
676,0.246219575405121,0,0.149950414896011,0.0331612564623356,-2.31102000505043e-10
677,0.246829941868782,0,0.149950414896011,0.0331612564623356,-2.05448836930547e-10
678,0.246952012181282,0,0.149950414896011,0.0331612564623356,-1.89948998641408e-10
679,0.246799424290657,0,0.149950414896011,0.0331612564623356,-1.68863968125398e-10
680,0.246677353978157,0,0.149950414896011,0.0331612564623356,-1.56124230885169e-10
681,0.246570527553558,0,0.149950414896011,0.0331612564623356,-1.38793872757212e-10
682,0.246112763881683,0,0.149950414896011,0.0331612564623356,-1.28322737386476e-10
683,0.24663157761097,0,0.149950414896011,0.0331612564623356,-1.14078446271261e-10
684,0.246433198451996,0,0.149950414896011,0.0331612564623356,-1.05471936271506e-10
685,0.246509492397308,0,0.149950414896011,0.0331612564623356,-9.37641672873397e-11
686,0.246646836400032,0,0.149950414896011,0.0331612564623356,-8.66902434239457e-11
687,0.24681468307972,0,0.149950414896011,0.0331612564623356,-7.7067310736183e-11
688,0.246326386928558,0,0.149950414896011,0.0331612564623356,-7.12530609617076e-11
689,0.246494233608246,0,0.149950414896011,0.0331612564623356,-6.33437117391148e-11
690,0.246768906712532,0,0.149950414896011,0.0331612564623356,-5.85648222440041e-11
691,0.246143281459808,0,0.149950414896011,0.0331612564623356,-5.2063913721129e-11
692,0.246448457241058,0,0.149950414896011,0.0331612564623356,-4.813601490489e-11
693,0.246662095189095,0,0.149950414896011,0.0331612564623356,-4.27927419713761e-11
694,0.24699778854847,0,0.149950414896011,0.0331612564623356,-3.95642954617013e-11
695,0.246829941868782,0,0.149950414896011,0.0331612564623356,-3.51725145988327e-11
696,0.246173799037933,0,0.149950414896011,0.0331612564623356,-3.25189668998083e-11
697,0.246540009975433,0,0.149950414896011,0.0331612564623356,-2.89092431616696e-11
698,0.246646836400032,0,0.149950414896011,0.0331612564623356,-2.67282203787626e-11
699,0.246173799037933,0,0.149950414896011,0.0331612564623356,-2.37612905904737e-11
700,0.246616318821907,0,0.149950414896011,0.0331612564623356,-2.19686488447427e-11
701,0.246036469936371,0,0.149950414896011,0.0331612564623356,-1.95300488278962e-11
702,0.246524751186371,0,0.149950414896011,0.0331612564623356,-1.80566279843715e-11
703,0.246204316616058,0,0.149950414896011,0.0331612564623356,-1.60522765279816e-11
704,0.246570527553558,0,0.149950414896011,0.0331612564623356,-1.48412319970244e-11
705,0.246234834194183,0,0.149950414896011,0.0331612564623356,-1.3193801203545e-11
706,0.246662095189095,0,0.149950414896011,0.0331612564623356,-1.21984108760586e-11
707,0.24663157761097,0,0.149950414896011,0.0331612564623356,-1.08443428503878e-11
708,0.246860459446907,0,0.149950414896011,0.0331612564623356,-1.00262045584207e-11
709,0.246494233608246,0,0.149950414896011,0.0331612564623356,-8.9132593437257e-12
710,0.246295869350433,0,0.149950414896011,0.0331612564623356,-8.24080930448012e-12
711,0.246295869350433,0,0.149950414896011,0.0331612564623356,-7.32604946418422e-12
712,0.246478974819183,0,0.149950414896011,0.0331612564623356,-6.77334454898689e-12
713,0.246707871556282,0,0.149950414896011,0.0331612564623356,-6.02147864007284e-12
714,0.245960175991058,0,0.149950414896011,0.0331612564623356,-5.56719548823303e-12
715,0.246799424290657,0,0.149950414896011,0.0331612564623356,-4.94921651704831e-12
716,0.246570527553558,0,0.149950414896011,0.0331612564623356,-4.57582888040709e-12
717,0.246204316616058,0,0.149950414896011,0.0331612564623356,-4.06789521258311e-12
718,0.245593950152397,0,0.149950414896011,0.0331612564623356,-3.76099779269888e-12
719,0.244602113962173,0,0.149950414896011,0.0331612564623356,-3.34351334267865e-12
720,0.244495302438736,0,0.149950414896011,0.0331612564623356,-3.0912660342813e-12
721,0.243930727243423,0,0.149950414896011,0.0331612564623356,-2.74812424815916e-12
722,0.243518725037575,0,0.149950414896011,0.0331612564623356,-2.54079534778029e-12
723,0.242343783378601,0,0.149950414896011,0.0331612564623356,-2.25875781230467e-12
724,0.242298007011414,0,0.149950414896011,0.0331612564623356,-2.08834856906867e-12
725,0.241840243339539,0,0.149950414896011,0.0331612564623356,-1.85653427353766e-12
726,0.240741595625877,0,0.149950414896011,0.0331612564623356,-1.71647029727964e-12
727,0.238452732563019,0,0.149950414896011,0.0331612564623356,-1.52593584404839e-12
728,0.237903416156769,0,0.149950414896011,0.0331612564623356,-1.41081346528142e-12
729,0.237354084849358,0,0.149950414896011,0.0331612564623356,-1.25420803339908e-12
730,0.237537190318108,0,0.149950414896011,0.0331612564623356,-1.1595858296959e-12
731,0.238101780414581,0,0.149950414896011,0.0331612564623356,-1.07210228337268e-12
732,0.237354084849358,0,0.149950414896011,0.0331612564623356,-9.5309502604109e-13
733,0.237445637583733,0,0.149950414896011,0.0331612564623356,-8.81189927922606e-13
734,0.238071262836456,0,0.149950414896011,0.0331612564623356,-7.83374637220683e-13
735,0.23773555457592,0,0.149950414896011,0.0331612564623356,-7.24273887962909e-13
736,0.237384602427483,0,0.149950414896011,0.0331612564623356,-6.43876849079453e-13
737,0.23773555457592,0,0.149950414896011,0.0331612564623356,-5.95300341234701e-13
738,0.238162815570831,0,0.149950414896011,0.0331612564623356,-5.29219835673202e-13
739,0.237689778208733,0,0.149950414896011,0.0331612564623356,-4.89293487123893e-13
740,0.237949192523956,0,0.149950414896011,0.0331612564623356,-4.34980128374535e-13
741,0.237933933734894,0,0.149950414896011,0.0331612564623356,-4.02163580227935e-13
742,0.237918674945831,0,0.149950414896011,0.0331612564623356,-3.57521958412693e-13
743,0.237338826060295,0,0.149950414896011,0.0331612564623356,-3.3054914794073e-13
744,0.237628743052483,0,0.149950414896011,0.0331612564623356,-2.93856988881082e-13
745,0.237964451313019,0,0.149950414896011,0.0331612564623356,-2.71687304808693e-13
746,0.23743037879467,0,0.149950414896011,0.0331612564623356,-2.41529024672043e-13
747,0.237338826060295,0,0.149950414896011,0.0331612564623356,-2.23307160384655e-13
748,0.237277790904045,0,0.149950414896011,0.0331612564623356,-1.985192524471e-13
749,0.237415120005608,0,0.149950414896011,0.0331612564623356,-1.83542208253606e-13
750,0.23724727332592,0,0.149950414896011,0.0331612564623356,-1.63168354799874e-13
751,0.23724727332592,0,0.149950414896011,0.0331612564623356,-1.50858316198109e-13
752,0.237537190318108,0,0.149950414896011,0.0331612564623356,-1.34112493775344e-13
753,0.237720295786858,0,0.149950414896011,0.0331612564623356,-1.23994539363299e-13
754,0.23712520301342,0,0.149950414896011,0.0331612564623356,-1.1023069398905e-13
755,0.23767451941967,0,0.149950414896011,0.0331612564623356,-1.01914472992835e-13
756,0.237750813364983,0,0.149950414896011,0.0331612564623356,-9.06015953864956e-14
757,0.237750813364983,0,0.149950414896011,0.0331612564623356,-8.3766267923905e-14
758,0.237354084849358,0,0.149950414896011,0.0331612564623356,-7.44679071638038e-14
759,0.237399861216545,0,0.149950414896011,0.0331612564623356,-6.88497662387239e-14
760,0.23688106238842,0,0.149950414896011,0.0331612564623356,-6.12071914815692e-14
761,0.237949192523956,0,0.149950414896011,0.0331612564623356,-5.6589489165652e-14
762,0.23761348426342,0,0.149950414896011,0.0331612564623356,-5.03078498073119e-14
763,0.237720295786858,0,0.149950414896011,0.0331612564623356,-4.65124351029141e-14
764,0.23736934363842,0,0.149950414896011,0.0331612564623356,-4.13493854394079e-14
765,0.237399861216545,0,0.149950414896011,0.0331612564623356,-3.82298312124703e-14
766,0.237048909068108,0,0.149950414896011,0.0331612564623356,-3.39861807404898e-14
767,0.237659260630608,0,0.149950414896011,0.0331612564623356,-3.14221345603641e-14
768,0.23755244910717,0,0.149950414896011,0.0331612564623356,-2.79341632058312e-14
769,0.23761348426342,0,0.149950414896011,0.0331612564623356,-2.58267041474031e-14
770,0.237964451313019,0,0.149950414896011,0.0331612564623356,-2.29598459435123e-14
771,0.23755244910717,0,0.149950414896011,0.0331612564623356,-2.12276682170048e-14
772,0.237460896372795,0,0.149950414896011,0.0331612564623356,-1.88713197479915e-14
773,0.23749141395092,0,0.149950414896011,0.0331612564623356,-1.74475959208502e-14
774,0.23736934363842,0,0.149950414896011,0.0331612564623356,-1.55108492411973e-14
775,0.23767451941967,0,0.149950414896011,0.0331612564623356,-1.43406520351307e-14
776,0.237476155161858,0,0.149950414896011,0.0331612564623356,-1.27487874401978e-14
777,0.236987873911858,0,0.149950414896011,0.0331612564623356,-1.17869706362776e-14
778,0.237354084849358,0,0.149950414896011,0.0331612564623356,-1.04785739754117e-14
779,0.237476155161858,0,0.149950414896011,0.0331612564623356,-9.68803067253304e-15
780,0.23767451941967,0,0.149950414896011,0.0331612564623356,-8.61262399057401e-15
781,0.237628743052483,0,0.149950414896011,0.0331612564623356,-7.96285502087094e-15
782,0.237705036997795,0,0.149950414896011,0.0331612564623356,-7.07894911817868e-15
783,0.23682002723217,0,0.149950414896011,0.0331612564623356,-6.54488638884863e-15
784,0.237384602427483,0,0.149950414896011,0.0331612564623356,-5.81838016760127e-15
785,0.237384602427483,0,0.149950414896011,0.0331612564623356,-5.37941953365502e-15
786,0.237232014536858,0,0.149950414896011,0.0331612564623356,-4.7822843771825e-15
787,0.237582966685295,0,0.149950414896011,0.0331612564623356,-4.42149073334181e-15
788,0.237109944224358,0,0.149950414896011,0.0331612564623356,-3.93068916183806e-15
789,0.23712520301342,0,0.149950414896011,0.0331612564623356,-3.63414308601892e-15
790,0.23749141395092,0,0.149950414896011,0.0331612564623356,-3.2307399703599e-15
791,0.237293049693108,0,0.149950414896011,0.0331612564623356,-2.98700071224103e-15
792,0.237354084849358,0,0.149950414896011,0.0331612564623356,-2.65543275652971e-15
793,0.237537190318108,0,0.149950414896011,0.0331612564623356,-2.4550968533004e-15
794,0.237766072154045,0,0.149950414896011,0.0331612564623356,-2.18257216276847e-15
795,0.236758977174759,0,0.149950414896011,0.0331612564623356,-2.01791065344718e-15
796,0.237140461802483,0,0.149950414896011,0.0331612564623356,-1.79391522303779e-15
797,0.237918674945831,0,0.149950414896011,0.0331612564623356,-1.65857546508672e-15
798,0.237644001841545,0,0.149950414896011,0.0331612564623356,-1.47446754904301e-15
799,0.237781330943108,0,0.149950414896011,0.0331612564623356,-1.36322813336077e-15
800,0.237354084849358,0,0.149950414896011,0.0331612564623356,-1.21190484659547e-15
801,0.236758977174759,0,0.149950414896011,0.0331612564623356,-1.12047415550617e-15
802,0.236057072877884,0,0.149950414896011,0.0331612564623356,-9.96097444229854e-16
803,0.235873967409134,0,0.149950414896011,0.0331612564623356,-9.20948080833815e-16
804,0.235980778932571,0,0.149950414896011,0.0331612564623356,-8.18719490386229e-16
805,0.23579765856266,0,0.149950414896011,0.0331612564623356,-7.56952191555315e-16
806,0.23543144762516,0,0.149950414896011,0.0331612564623356,-6.72927741980644e-16
807,0.234821081161499,0,0.149950414896011,0.0331612564623356,-6.22159524760211e-16
808,0.233081564307213,0,0.149950414896011,0.0331612564623356,-5.53097552024255e-16
809,0.232272833585739,0,0.149950414896011,0.0331612564623356,-5.11369778128934e-16
810,0.232288092374802,0,0.149950414896011,0.0331612564623356,-4.54605870690976e-16
811,0.231906607747078,0,0.149950414896011,0.0331612564623356,-4.20308682221686e-16
812,0.232425421476364,0,0.149950414896011,0.0331612564623356,-3.7365288801285e-16
813,0.232394903898239,0,0.149950414896011,0.0331612564623356,-3.45463099124306e-16
814,0.232120245695114,0,0.149950414896011,0.0331612564623356,-3.07115437176678e-16
815,0.232059210538864,0,0.149950414896011,0.0331612564623356,-2.8394548555536e-16
816,0.232227057218552,0,0.149950414896011,0.0331612564623356,-2.5242650271976e-16
817,0.232166022062302,0,0.149950414896011,0.0331612564623356,-2.33382491419897e-16
818,0.232089728116989,0,0.149950414896011,0.0331612564623356,-2.15775232451827e-16
819,0.232181280851364,0,0.149950414896011,0.0331612564623356,-1.91823395941045e-16
820,0.232150763273239,0,0.149950414896011,0.0331612564623356,-1.70530300499478e-16
821,0.231830313801765,0,0.149950414896011,0.0331612564623356,-1.57664848834577e-16
822,0.23173876106739,0,0.149950414896011,0.0331612564623356,-1.40163476504339e-16
823,0.231219962239265,0,0.149950414896011,0.0331612564623356,-1.29589013040254e-16
824,0.23186083137989,0,0.149950414896011,0.0331612564623356,-1.15204160716544e-16
825,0.231387808918953,0,0.149950414896011,0.0331612564623356,-1.06512722555976e-16
826,0.232013434171677,0,0.149950414896011,0.0331612564623356,-9.46894225043881e-17
827,0.231540396809578,0,0.149950414896011,0.0331612564623356,-8.75456938834949e-17
828,0.231967657804489,0,0.149950414896011,0.0331612564623356,-7.78278030797456e-17
829,0.231754019856453,0,0.149950414896011,0.0331612564623356,-7.19561788829009e-17
830,0.23143358528614,0,0.149950414896011,0.0331612564623356,-6.39687810107719e-17
831,0.23173876106739,0,0.149950414896011,0.0331612564623356,-5.91427339226811e-17
832,0.232074469327927,0,0.149950414896011,0.0331612564623356,-5.25776750991063e-17
833,0.23155565559864,0,0.149950414896011,0.0331612564623356,-4.86110161789075e-17
834,0.231464102864265,0,0.149950414896011,0.0331612564623356,-4.32150163743417e-17
835,0.231891348958015,0,0.149950414896011,0.0331612564623356,-3.99547118845615e-17
836,0.230640113353729,0,0.149950414896011,0.0331612564623356,-3.55195933771207e-17
837,0.229892417788506,0,0.149950414896011,0.0331612564623356,-3.28398607406811e-17
838,0.229556724429131,0,0.149950414896011,0.0331612564623356,-3.03622972824344e-17
839,0.229755088686943,0,0.149950414896011,0.0331612564623356,-2.6991971724968e-17
840,0.230045020580292,0,0.149950414896011,0.0331612564623356,-2.39957645768449e-17
841,0.229922935366631,0,0.149950414896011,0.0331612564623356,-2.21854332256332e-17
842,0.229022666811943,0,0.149950414896011,0.0331612564623356,-1.97227693531247e-17
843,0.227710381150246,0,0.149950414896011,0.0331612564623356,-1.82348089433475e-17
844,0.226398110389709,0,0.149950414896011,0.0331612564623356,-1.62106787516958e-17
845,0.225711449980736,0,0.149950414896011,0.0331612564623356,-1.49876837571152e-17
846,0.224246591329575,0,0.149950414896011,0.0331612564623356,-1.33239962849866e-17
847,0.223117411136627,0,0.149950414896011,0.0331612564623356,-1.23187835475098e-17
848,0.222568094730377,0,0.149950414896011,0.0331612564623356,-1.09513537169914e-17
849,0.222156092524529,0,0.149950414896011,0.0331612564623356,-1.01251421199994e-17
850,0.220981150865555,0,0.149950414896011,0.0331612564623356,-9.00121447570501e-18
851,0.220111384987831,0,0.149950414896011,0.0331612564623356,-8.32212876821839e-18
852,0.213687345385551,0,0.149950414896011,0.0331612564623356,-7.39834217133661e-18
853,0.19810788333416,0,0.149950414896011,0.0331612564623356,-6.84018322054051e-18
854,0.148546576499939,0,0.149950414896011,0.0331612564623356,-6.0808979757024e-18
855,0.146410316228867,0,0.149950414896011,0.0331612564623356,-5.62213200416273e-18
856,0.146257728338242,0,0.149950414896011,0.0331612564623356,-4.99805487966788e-18
857,0.146883338689804,0,0.149950414896011,0.0331612564623356,-4.62098269200063e-18
858,0.146181434392929,0,0.149950414896011,0.0331612564623356,-4.27235825813667e-18
859,0.146669715642929,0,0.149950414896011,0.0331612564623356,-3.79811093442112e-18
860,0.146349281072617,0,0.152025640010834,0.0331612564623356,-3.37650679052856e-18
861,0.146608680486679,0,0.153124287724495,0.0331612564623356,-3.12177033147981e-18
862,0.146425575017929,0,0.157763034105301,0.0331612564623356,-2.77524245729244e-18
863,0.146898597478867,0,0.158617526292801,0.0331612564623356,-2.56586765652038e-18
864,0.146120399236679,0,0.159227892756462,0.0331612564623356,-2.28104700347809e-18
865,0.146959632635117,0,0.158373385667801,0.0331612564623356,-2.10895617925119e-18
866,0.146501868963242,0,0.158251315355301,0.0331612564623356,-1.87485436395084e-18
867,0.146395057439804,0,0.159349963068962,0.0331612564623356,-1.73340825069419e-18
868,0.146303504705429,0,0.159594103693962,0.0331612564623356,-1.60263336787555e-18
869,0.146150916814804,0,0.160326540470123,0.0331612564623356,-1.42473522832587e-18
870,0.146486610174179,0,0.163012132048607,0.0331612564623356,-1.31724780725394e-18
871,0.146471351385117,0.800000011920929,0.164843216538429,0.0331612564623356,-1.171028504116e-18
872,0.146318763494492,0.800000011920929,0.164599075913429,0.0331612564623356,0.411941160684859
873,0.146211951971054,0.910000026226044,0.164110779762268,0.0331612564623356,0.427882906443119
874,0.146715492010117,1.01999998092651,0.164843216538429,0.0331612564623356,0.437515012087994
875,0.146440833806992,1.12999999523163,0.167528808116913,0.0331612564623356,0.450815493826097
876,0.146334022283554,1.23000001907349,0.168017089366913,0.0331612564623356,0.458717478233499
877,0.146395057439804,1.32000005245209,0.170946821570396,0.0331612564623356,0.479542119259945
878,0.146425575017929,1.4099999666214,0.171923398971558,0.0331612564623356,0.490413295133858
879,0.146547645330429,1.48000001907349,0.174486920237541,0.0331612564623356,0.507925095532834
880,0.145937278866768,1.54999995231628,0.17399862408638,0.0331612564623356,0.511518515314432
881,0.146761268377304,1.62999999523163,0.17424276471138,0.0314159281551838,0.516612240933871
882,0.146105140447617,1.71000003814697,0.174975201487541,0.0314159281551838,0.519550271772663
883,0.146288245916367,1.87999999523163,0.178881511092186,0.0314159281551838,0.533819804264206
884,0.145860984921455,1.97000002861023,0.182787820696831,0.0296705979853868,0.551279797423648
885,0.146623939275742,2.14000010490417,0.184374764561653,0.0296705979853868,0.572513468349314
886,0.146440833806992,2.20000004768372,0.185961693525314,0.0279252678155899,0.586848919902901
887,0.146135658025742,2.34999990463257,0.184985116124153,0.0279252678155899,0.609073117338159
888,0.145693138241768,2.5,0.186327919363976,0.0279252678155899,0.620855715576341
889,0.146517127752304,2.64000010490417,0.187182426452637,0.0279252678155899,0.649577908614834
890,0.146822303533554,2.77999997138977,0.187060356140137,0.0279252678155899,0.663441163992483
891,0.145601585507393,2.92000007629395,0.186572059988976,0.0279252678155899,0.692375045812822
892,0.146425575017929,3.05999994277954,0.185961693525314,0.0279252678155899,0.708145904856872
893,0.146150916814804,3.1800000667572,0.187563896179199,0.0279252678155899,0.737459340672575
894,0.145510032773018,3.36999988555908,0.186572059988976,0.0279252678155899,0.750034329458354
895,0.146822303533554,3.49000000953674,0.186938270926476,0.0279252678155899,0.77469811223807
896,0.146501868963242,3.66000008583069,0.187563896179199,0.0279252678155899,0.794736430611613
897,0.146486610174179,3.76999998092651,0.190371558070183,0.0279252678155899,0.814437888139623
898,0.146791785955429,3.9300000667572,0.192446783185005,0.0279252678155899,0.8263418157724
899,0.145876243710518,4.07999992370605,0.194399937987328,0.0279252678155899,0.837596255110294
900,0.146669715642929,4.21999979019165,0.19647516310215,0.0279252678155899,0.847752798589845
901,0.146181434392929,4.3600001335144,0.198672458529472,0.0279252678155899,0.856425072713067
902,0.146517127752304,4.51999998092651,0.201480120420456,0.0279252678155899,0.865161328136901
903,0.146501868963242,4.65000009536743,0.20404364168644,0.0279252678155899,0.882387326080309
904,0.146456092596054,4.84000015258789,0.206240937113762,0.0279252678155899,0.889164890791525
905,0.14715801179409,4.98000001907349,0.206729233264923,0.0279252678155899,0.903520954674157
906,0.145922020077705,5.1399998664856,0.207339584827423,0.0279252678155899,0.913840389964503
907,0.146257728338242,5.28000020980835,0.209414809942245,0.0279252678155899,0.92525981772518
908,0.146242469549179,5.44999980926514,0.208316162228584,0.0279252678155899,0.933939411293648
909,0.146791785955429,5.6100001335144,0.213443204760551,0.0279252678155899,0.953605997377117
910,0.146089881658554,5.78999996185303,0.215396359562874,0.0279252678155899,0.960352278236902
911,0.146379798650742,5.92000007629395,0.218570232391357,0.0279252678155899,0.971745209018556
912,0.146364539861679,6.09999990463257,0.221026927232742,0.0279252678155899,0.977123228307872
913,0.145998328924179,6.26999998092651,0.223102152347565,0.0279252678155899,0.986654301792596
914,0.146822303533554,6.46000003814697,0.224322885274887,0.0279252678155899,0.990907522662569
915,0.146547645330429,6.59000015258789,0.227740898728371,0.0296705979853868,0.999311489048769
916,0.146486610174179,6.73000001907349,0.227496758103371,0.0296705979853868,1.00240434410022
917,0.146456092596054,6.90000009536743,0.226642251014709,0.0314159281551838,1.00399307089271
918,0.146608680486679,7.09000015258789,0.227130547165871,0.0401425734162331,1.01207424048171
919,0.146425575017929,7.23999977111816,0.227252617478371,0.0558505356311798,1.01812908261226
920,0.146623939275742,7.42000007629395,0.227252617478371,0.0750491544604301,1.02493831826494
921,0.145922020077705,7.53999996185303,0.225787743926048,0.0855211317539215,1.03450367702225
922,0.146181434392929,7.71999979019165,0.225543603301048,0.0977384373545647,1.03494150014079
923,0.146532386541367,7.71000003814697,0.226886391639709,0.0959931090474129,1.03866299436407
924,0.146456092596054,8.15999984741211,0.225665673613548,0.0890117883682251,1.03858156315171
925,0.146349281072617,8.21000003814697,0.227130547165871,0.0802851468324661,1.04803908062121
926,0.146761268377304,8.34000015258789,0.226398110389709,0.0628318563103676,1.04252470932897
927,0.146608680486679,8.48999977111816,0.223468378186226,0.0471238903701305,1.05034337431971
928,0.146547645330429,8.64999961853027,0.213931486010551,0.0261799395084381,1.04444969870517
929,0.146379798650742,8.81999969482422,0.198062106966972,0.0157079640775919,1.04671318969921
930,0.146181434392929,8.90999984741211,0.183398187160492,0.00698131695389748,1.04109293046262
931,0.146684974431992,9.07999992370605,0.17363241314888,0.00174532923847437,1.02831165670641
932,0.146349281072617,9.21000003814697,0.172777906060219,0.00174532923847437,1.01873818563867
933,0.146776527166367,9.35000038146973,0.171801328659058,0,1.0135748619432
934,0.146791785955429,9.47000026702881,0.171679258346558,-0.00349065847694874,1.00531865015975
935,0.145983055233955,9.5600004196167,0.173022046685219,-0.00349065847694874,0.986425122903123
936,0.146272987127304,9.63000011444092,0.172533765435219,-0.00349065847694874,0.964191793754666
937,0.145983055233955,9.75,0.17351034283638,-0.00349065847694874,0.928907068516726
938,0.145799949765205,9.80000019073486,0.17338827252388,-0.00349065847694874,0.906081628408829
939,0.146044105291367,9.90999984741211,0.18193331360817,-0.00349065847694874,0.871905373824324
940,0.146166175603867,9.97000026702881,0.187930107116699,-0.00349065847694874,0.848038864262018
941,0.146486610174179,10.0600004196167,0.195010304450989,-0.00349065847694874,0.820305585485125
942,0.146456092596054,10.1599998474121,0.200747698545456,-0.00349065847694874,0.80033195936261
943,0.146440833806992,10.1499996185303,0.207461655139923,-0.00349065847694874,0.762879959561199
944,0.145983055233955,10.25,0.210391387343407,-0.00349065847694874,0.731418327182041
945,0.146364539861679,10.2799997329712,0.211856260895729,-0.00698131695389748,0.701616415396384
946,0.146227210760117,10.4300003051758,0.21246662735939,-0.0174532923847437,0.680324165770533
947,0.146364539861679,10.5,0.21283283829689,-0.0471238903701305,0.676747338278294
948,0.146227210760117,10.539999961853,0.211856260895729,-0.0715584978461266,0.646852862361003
949,0.146288245916367,10.6099996566772,0.21283283829689,-0.0942477807402611,0.641665306719785
950,0.146410316228867,10.710000038147,0.21258869767189,-0.0977384373545647,0.619348584423232
951,0.146303504705429,10.7700004577637,0.21295490860939,-0.0959931090474129,0.606522298162518
952,0.146837562322617,10.8500003814697,0.214053556323051,-0.0959931090474129,0.596924404172203
953,0.146334022283554,10.9700002670288,0.227374687790871,-0.0925024524331093,0.612886105576557
954,0.146639198064804,11.0500001907349,0.23506523668766,-0.0890117883682251,0.598287988909112
955,0.146501868963242,11.1400003433228,0.238361179828644,-0.0872664600610733,0.59849131106174
956,0.145738914608955,11.210000038147,0.240314334630966,-0.0855211317539215,0.584568290481091
957,0.146807044744492,11.3299999237061,0.239826053380966,-0.0820304751396179,0.591225599056609
958,0.145967796444893,11.4200000762939,0.239703968167305,-0.0785398185253143,0.583192682968427
959,0.146150916814804,11.5,0.240802630782127,-0.0698131695389748,0.605419608737899
960,0.146532386541367,11.6199998855591,0.240924701094627,-0.0645771846175194,0.590768431463848
961,0.146334022283554,11.7700004577637,0.24275578558445,-0.0593411959707737,0.626971225365416
962,0.147081717848778,11.8900003433228,0.24324406683445,-0.054105207324028,0.626514507829056
963,0.14697490632534,12.0299997329712,0.24287785589695,-0.0488692186772823,0.65894694906564
964,0.146303504705429,12.1000003814697,0.242267489433289,-0.0471238903701305,0.656077403344569
965,0.146395057439804,12.2799997329712,0.24299992620945,-0.0279252678155899,0.695509107203902
966,0.146807044744492,12.4300003051758,0.244342714548111,-0.0104719754308462,0.689881649944414
967,0.146013587713242,12.5699996948242,0.250202178955078,0.0122173046693206,0.72556055306679
968,0.147066459059715,12.7200002670288,0.253391325473785,0.0244346093386412,0.717665900927114
969,0.146898597478867,12.8100004196167,0.254612028598785,0.0296705979853868,0.760739077032282
970,0.146334022283554,12.9700002670288,0.256809324026108,0.0296705979853868,0.744848013663258
971,0.146456092596054,13.1199998855591,0.25815212726593,0.0296705979853868,0.789843234782487
972,0.146120399236679,13.2799997329712,0.25839626789093,0.0279252678155899,0.777098853696805
973,0.146379798650742,13.3900003433228,0.25729763507843,0.0279252678155899,0.818710806751145
974,0.146746009588242,13.5699996948242,0.25815212726593,0.0279252678155899,0.803788511446144
975,0.146395057439804,13.6599998474121,0.262424647808075,0.0279252678155899,0.847582615856134
976,0.146364539861679,13.9200000762939,0.263401240110397,0.0279252678155899,0.851643569550537
977,0.146669715642929,14.0100002288818,0.267307549715042,0.0261799395084381,0.87530920836054
978,0.146379798650742,14.1800003051758,0.270603507757187,0.0244346093386412,0.882620773077242
979,0.146349281072617,14.3500003814697,0.274509817361832,0.0226892810314894,0.90284789867913
980,0.146837562322617,14.4799995422363,0.276340872049332,0.0209439508616924,0.908081840309666
981,0.146654456853867,14.6099996566772,0.276829183101654,0.0191986225545406,0.915201773881889
982,0.145906761288643,14.8199996948242,0.276096731424332,0.0104719754308462,0.924845220818653
983,0.146257728338242,14.9700002670288,0.277195394039154,-0.00174532923847437,0.9453158527758
984,0.146349281072617,15.1300001144409,0.278416126966476,-0.0104719754308462,0.957824312406388
985,0.146684974431992,15.3299999237061,0.278171956539154,-0.0174532923847437,0.969900194735122
986,0.146898597478867,15.5,0.279270619153976,-0.0191986225545406,0.991032344521305
987,0.147295340895653,15.6899995803833,0.280735492706299,-0.0191986225545406,1.00455894721097
988,0.146883338689804,15.75,0.281712055206299,-0.0191986225545406,1.00746183232328
989,0.146517127752304,15.9799995422363,0.281712055206299,-0.0226892810314894,1.01876965645527
990,0.146593421697617,16.1599998474121,0.282444506883621,-0.0244346093386412,1.0360085499421
991,0.146944373846054,16.2900009155273,0.282688647508621,-0.0279252678155899,1.0445426300569
992,0.146303504705429,16.5900001525879,0.282566577196121,-0.0279252678155899,1.04956501057034
993,0.146150916814804,16.6299991607666,0.282078266143799,-0.0279252678155899,1.06173911001254
994,0.146715492010117,16.8600006103516,0.283421069383621,-0.0279252678155899,1.06546324122984
995,0.146654456853867,17.0300006866455,0.283298999071121,-0.0279252678155899,1.07546956143651
996,0.146364539861679,17.2000007629395,0.282932788133621,-0.0279252678155899,1.08329474824848
997,0.146334022283554,17.3700008392334,0.282322436571121,-0.0244346093386412,1.09172472398733
998,0.146242469549179,17.5900001525879,0.283176928758621,-0.0209439508616924,1.09852903709233
999,0.147051200270653,17.7299995422363,0.282078266143799,-0.0191986225545406,1.10506162616958
1000,0.145983055233955,17.9300003051758,0.283298999071121,-0.0157079640775919,1.110655192548
1001,0.146623939275742,18.0599994659424,0.283543139696121,-0.0157079640775919,1.11584173421434
1002,0.146684974431992,18.2600002288818,0.282932788133621,-0.0157079640775919,1.11034902444917
1003,0.146089881658554,18.4200000762939,0.282200336456299,-0.013962633907795,1.12585047274409
1004,0.146303504705429,18.6299991607666,0.281956195831299,-0.0104719754308462,1.13521714297634
1005,0.146913856267929,18.7900009155273,0.283787280321121,-0.00349065847694874,1.14261664639533
1006,0.146105140447617,18.9899997711182,0.284031420946121,-0.00174532923847437,1.14023906998612
1007,0.146242469549179,19.0699996948242,0.283176928758621,0.00349065847694874,1.13700560849813
1008,0.146135658025742,19.2299995422363,0.282444506883621,0.00872664619237185,1.12991621590978
1009,0.146349281072617,19.4799995422363,0.285130083560944,0.0157079640775919,1.11735023671222